time,AngRodilla
0.0,47.75524823471069
0.001,47.29420415583019
0.002,46.83502919549839
0.003,46.3779175671388
0.004,45.92305680229485
0.005,45.47062655250008
0.006,45.0208008411784
0.007,44.57375061945192
0.008,44.12964253779823
0.009000000000000001,43.68863487372582
0.01,43.25087727310661
0.011,42.816514742165644
0.012,42.38568917602389
0.013000000000000001,41.958537375128884
0.014,41.535189660002516
0.015,41.11576971577693
0.016,40.70039429996531
0.017,40.289173015904666
0.018000000000000002,39.882208397705085
0.019,39.47959619457738
0.02,39.0814270214256
0.021,38.687788800376225
0.022,38.298766235947404
0.023,37.914437289954044
0.024,37.534871063680285
0.025,37.160129002967096
0.026000000000000002,36.790267545698136
0.027,36.42533908439726
0.028,36.065390857826664
0.029,35.71046496847922
0.03,35.36059956316541
0.031,35.0158292827072
0.032,34.67618664476409
0.033,34.34170364162511
0.034,34.01241010665426
0.035,33.68833122160268
0.036000000000000004,33.3694888023734
0.037,33.05590439900652
0.038,32.747599900083856
0.039,32.44459570750439
0.04,32.14690892199598
0.041,31.854553822441787
0.042,31.567544309940757
0.043000000000000003,31.285895784421065
0.044,31.009625865438764
0.045,30.738753905769926
0.046,30.473298540665624
0.047,30.213274708352472
0.048,29.958692966671634
0.049,29.709561317352552
0.05,29.465887686277853
0.051000000000000004,29.227681251813657
0.052000000000000005,28.99495012829741
0.053,28.76769652755354
0.054,28.545915251297323
0.055,28.32959672766475
0.056,28.118729459058933
0.057,27.91330007161794
0.058,27.713294119036775
0.059000000000000004,27.518697479611106
0.06,27.329496077458757
0.061,27.14567618591588
0.062,26.967226676364476
0.063,26.79413957457372
0.064,26.626408121217466
0.065,26.464024959331297
0.066,26.306980704205493
0.067,26.155263592890407
0.068,26.008860853203387
0.069,25.86775936857272
0.07,25.73194514438491
0.07100000000000001,25.6014027793613
0.07200000000000001,25.476115197536295
0.073,25.356064920035408
0.074,25.24123653147589
0.075,25.131617126389386
0.076,25.027193698413683
0.077,24.927951000968108
0.078,24.833872668235244
0.079,24.744942982177392
0.08,24.661146321642462
0.081,24.582464935152785
0.082,24.50887663870914
0.083,24.440353770400193
0.084,24.37686332593968
0.085,24.31836700786944
0.08600000000000001,24.264821923767514
0.08700000000000001,24.2161822955608
0.088,24.172399998042245
0.089,24.13342443309292
0.09,24.09920369135348
0.091,24.06968547566302
0.092,24.044816987691377
0.093,24.024545295507764
0.094,24.008818241568157
0.095,23.997585707092817
0.096,23.990800733220894
0.097,23.988418953944482
0.098,23.9903971611299
0.099,23.99669285162092
0.1,24.007265346991055
0.101,24.022078084969955
0.10200000000000001,24.041100155856412
0.10300000000000001,24.0643056892839
0.10400000000000001,24.091671664646213
0.105,24.1231758498461
0.106,24.158795429997625
0.107,24.198505795145053
0.108,24.24228077581236
0.109,24.29009442635806
0.11,24.341921641669025
0.111,24.397736961866826
0.112,24.457513201756633
0.113,24.52122049553268
0.114,24.588825920460508
0.115,24.66029483343636
0.116,24.73559379702622
0.117,24.814692415893646
0.11800000000000001,24.89756255067587
0.11900000000000001,24.984176485421486
0.12,25.07450550042129
0.121,25.168518935606336
0.122,25.266184054047912
0.123,25.367467005275415
0.124,25.4723346859234
0.125,25.580756012096984
0.126,25.69270125749386
0.127,25.80814197679137
0.128,25.927052791058955
0.129,26.04941084120742
0.13,26.175192208784352
0.131,26.304370231936282
0.132,26.436916745334962
0.133,26.572803127950564
0.134,26.712000147395514
0.135,26.85447648725929
0.136,27.00019664272356
0.137,27.149121145131026
0.138,27.30120813821716
0.139,27.456413100000795
0.14,27.614689465742593
0.14100000000000001,27.77599256996972
0.14200000000000002,27.940283351243497
0.14300000000000002,28.10752940699859
0.14400000000000002,28.277704839185958
0.145,28.45078975586524
0.146,28.626769069054802
0.147,28.805631259583844
0.148,28.98736690420964
0.149,29.17196575855164
0.15,29.35941462878141
0.151,29.54969931459594
0.152,29.74280832888369
0.153,29.93873361208045
0.154,30.137469073538274
0.155,30.33901011573926
0.156,30.54335350279484
0.157,30.75049644127167
0.158,30.960435449679814
0.159,31.173165895319784
0.16,31.388682111588604
0.161,31.60697653229292
0.162,31.828038492470263
0.163,32.05185522753814
0.164,32.2784135152776
0.165,32.50770010291633
0.166,32.739701921030914
0.167,32.97440538317524
0.168,33.211795620594444
0.169,33.45185780394989
0.17,33.694578619799444
0.171,33.939946102227225
0.17200000000000001,34.18794879183508
0.17300000000000001,34.43857451369803
0.17400000000000002,34.69180929992253
0.17500000000000002,34.94763760907843
0.176,35.206042168328395
0.177,35.46700267364606
0.178,35.73049565426024
0.179,35.99649446417442
0.18,36.26496800683235
0.181,36.53588145292571
0.182,36.80919955564288
0.183,37.0848883127918
0.184,37.36291364260968
0.185,37.64324046940973
0.186,37.92583494493746
0.187,38.21066771518317
0.188,38.49771431386226
0.189,38.786953717430734
0.19,39.078368046225116
0.191,39.37194165242898
0.192,39.66765915993596
0.193,39.96550637766293
0.194,40.265473062867514
0.195,40.56755219647478
0.196,40.87173620427144
0.197,41.17801498415835
0.198,41.486375666262745
0.199,41.796800979420766
0.2,42.109267563741966
0.201,42.423747007448284
0.202,42.74020823467009
0.203,43.058617502820105
0.20400000000000001,43.37893656362787
0.20500000000000002,43.70112373871718
0.20600000000000002,44.02513773088093
0.20700000000000002,44.350940261585855
0.20800000000000002,44.67849685104108
0.209,45.007775835128285
0.21,45.33874598869072
0.211,45.67137467016475
0.212,46.005627911659815
0.213,46.341472505808184
0.214,46.67887750873
0.215,47.017812485003645
0.216,47.358243836816214
0.217,47.70013311259375
0.218,48.04343929063505
0.219,48.388122479504254
0.22,48.73414534181015
0.221,49.08147165144234
0.222,49.43006369515388
0.223,49.77988035244841
0.224,50.130876641185175
0.225,50.48300385984385
0.226,50.836208773747195
0.227,51.190432161323066
0.228,51.545608725097374
0.229,51.901668801916244
0.23,52.25854023638533
0.231,52.61615005859706
0.232,52.97442618800498
0.233,53.33329813462279
0.234,53.69269766375662
0.23500000000000001,54.052560203883274
0.23600000000000002,54.412824662848976
0.23700000000000002,54.773431821739706
0.23800000000000002,55.13432373227264
0.23900000000000002,55.49544326412937
0.24,55.856733240495785
0.241,56.21813712769307
0.242,56.579600467803346
0.243,56.94106953377731
0.244,57.302487495824955
0.245,57.66379329753033
0.246,58.02492412902234
0.247,58.38581682476887
0.248,58.746408144518256
0.249,59.1066357692486
0.25,59.466437323891654
0.251,59.82574786116194
0.252,60.18450092727885
0.253,60.54263312733832
0.254,60.90008654244011
0.255,61.256806752537464
0.256,61.61274013426936
0.257,61.96783455540984
0.258,62.32204255844729
0.259,62.67532253574851
0.26,63.02763691737436
0.261,63.3789509057561
0.262,63.72923353812147
0.263,64.07845897143054
0.264,64.42660642509901
0.265,64.77365974029595
0.266,65.1196065690432
0.267,65.46443582288518
0.268,65.80813467921368
0.269,66.15068886940475
0.27,66.4920856403115
0.271,66.83231422725625
0.272,67.17136307851126
0.273,67.50921738293411
0.274,67.84585850025536
0.275,68.18126431312973
0.276,68.51540923309781
0.277,68.84826529307531
0.278,69.17980555902267
0.279,69.51000666800348
0.28,69.83884720629203
0.281,70.1663040259223
0.28200000000000003,70.49235117354625
0.28300000000000003,70.8169614186641
0.28400000000000003,71.14010686655527
0.28500000000000003,71.4617587967013
0.28600000000000003,71.78188918224612
0.28700000000000003,72.10047286500215
0.28800000000000003,72.41748762581733
0.289,72.73291141692359
0.29,73.04671896758231
0.291,73.35888178448562
0.292,73.66937132606893
0.293,73.97816092145007
0.294,74.2852257511302
0.295,74.59054322844075
0.296,74.89409402444956
0.297,75.19586211568043
0.298,75.4958329368123
0.299,75.79399192530639
0.3,76.0903251557352
0.301,76.38481972825622
0.302,76.67746258992432
0.303,76.96823852633892
0.304,77.25712880392871
0.305,77.54411277266567
0.306,77.82917097045765
0.307,78.1122856175559
0.308,78.3934383059368
0.309,78.67260787883089
0.31,78.94976971326437
0.311,79.22489575779605
0.312,79.49795565254456
0.313,79.76891884546586
0.314,80.03775685112294
0.315,80.30444527279283
0.316,80.56896482796222
0.317,80.83130165141144
0.318,81.09144804919684
0.319,81.34940265846978
0.32,81.6051676730772
0.321,81.8587439850643
0.322,82.11012827517408
0.323,82.35931448111808
0.324,82.60629690935264
0.325,82.85107051264185
0.326,83.09362956100401
0.327,83.3339672841025
0.328,83.5720753863016
0.329,83.80794489501301
0.33,84.04156936308144
0.331,84.27294579977546
0.332,84.50207098810971
0.333,84.72893776981573
0.334,84.95353617418431
0.335,85.17585695858725
0.336,85.39589221550952
0.337,85.61363502063111
0.338,85.82908120869513
0.339,86.04222945491651
0.34,86.25307884571683
0.341,86.46162818786675
0.342,86.66787598949011
0.343,86.8718178422195
0.34400000000000003,87.07344390284285
0.34500000000000003,87.27274073372458
0.34600000000000003,87.46969610150632
0.34700000000000003,87.66430188152167
0.34800000000000003,87.85655309154299
0.34900000000000003,88.04644509045642
0.35000000000000003,88.23397201359606
0.35100000000000003,88.4191265676206
0.352,88.60189983747128
0.353,88.78228203614859
0.354,88.96026380145909
0.355,89.13583670475668
0.356,89.30899402026171
0.357,89.47973177095145
0.358,89.64804794445328
0.359,89.81394006420518
0.36,89.97740448957046
0.361,90.13843713187194
0.362,90.29703264821003
0.363,90.45318345259415
0.364,90.60687998027842
0.365,90.75811159554331
0.366,90.90686751272014
0.367,91.05313641052088
0.368,91.19690528166342
0.369,91.33816001505352
0.37,91.47688843057605
0.371,91.6130829272895
0.372,91.74673943490046
0.373,91.87785443869856
0.374,92.0064238341017
0.375,92.13244312576879
0.376,92.25590704440101
0.377,92.37680950394767
0.378,92.49514602341849
0.379,92.61091705120607
0.38,92.7241279593402
0.381,92.8347860274211
0.382,92.94289838271118
0.383,93.04847212546251
0.384,93.15151468796871
0.385,93.25203325111715
0.386,93.35003457944728
0.387,93.44552471146318
0.388,93.5385073449001
0.389,93.62898409632362
0.39,93.71695649935839
0.391,93.80242522801906
0.392,93.88538791525167
0.393,93.96583980402613
0.394,94.04377610641242
0.395,94.11919243286671
0.396,94.19208329460943
0.397,94.26244099095874
0.398,94.3302553029545
0.399,94.39551401619923
0.4,94.45820484335877
0.401,94.51831743056479
0.402,94.57584329294187
0.403,94.63077447114931
0.404,94.68310404350476
0.405,94.73282778289087
0.406,94.77994265803157
0.40700000000000003,94.82444337434364
0.40800000000000003,94.86632196076488
0.40900000000000003,94.90556906544171
0.41000000000000003,94.94217351339891
0.41100000000000003,94.97612219801908
0.41200000000000003,95.00740237348865
0.41300000000000003,95.03600389497075
0.41400000000000003,95.06191923965548
0.41500000000000004,95.08514240529156
0.41600000000000004,95.10566731595516
0.417,95.12348600822949
0.418,95.13858906980707
0.419,95.15096844628968
0.42,95.16061863791427
0.421,95.16753497485863
0.422,95.17171173376576
0.423,95.17314137591376
0.424,95.17181460684482
0.425,95.16772137794298
0.426,95.1608526570844
0.427,95.15120231435343
0.428,95.13876773448288
0.429,95.12354896254149
0.43,95.10554739957149
0.431,95.08476372999908
0.432,95.06119629111257
0.433,95.0348425868226
0.434,95.0057022194413
0.435,94.97377798522174
0.436,94.9390767956773
0.437,94.90161223014726
0.438,94.86140582048554
0.439,94.81848422442013
0.44,94.77287390519655
0.441,94.72459762375593
0.442,94.67367459960096
0.443,94.62012184910859
0.444,94.56395477968312
0.445,94.5051879128983
0.446,94.44383517446185
0.447,94.37990911011534
0.448,94.31342064307873
0.449,94.24437928992933
0.45,94.17279345145494
0.451,94.0986716910977
0.452,94.02202350822932
0.453,93.94285808252874
0.454,93.86118321903702
0.455,93.77700657570921
0.456,93.69033628672608
0.457,93.60117837280092
0.458,93.50953491503344
0.459,93.41540622581074
0.46,93.3187938092808
0.461,93.21970090128508
0.462,93.11813142546497
0.463,93.014089797427
0.464,92.90758173146594
0.465,92.79861393086043
0.466,92.68719285230557
0.467,92.57332362405992
0.468,92.45700887189523
0.46900000000000003,92.3382484385524
0.47000000000000003,92.21704075774892
0.47100000000000003,92.09338470340877
0.47200000000000003,91.96727979424074
0.47300000000000003,91.83872479655899
0.47400000000000003,91.7077171040342
0.47500000000000003,91.57425356467812
0.47600000000000003,91.4383325299417
0.47700000000000004,91.29995640158359
0.47800000000000004,91.15913302394934
0.47900000000000004,91.01587597954813
0.48,90.87020408181452
0.481,90.72213930717865
0.482,90.5717046811969
0.483,90.4189233847976
0.484,90.26381754716132
0.485,90.1064071791836
0.486,89.94671008152507
0.487,89.78474174494303
0.488,89.62051551562357
0.489,89.45404281055247
0.49,89.28533200802715
0.491,89.11438666005054
0.492,88.94120526924294
0.493,88.76578259275452
0.494,88.5881109335549
0.495,88.40818238045946
0.496,88.22599196720081
0.497,88.04153865467748
0.498,87.85482401591076
0.499,87.66585061841491
0.5,87.47462076671773
0.501,87.28113744468935
0.502,87.08540680707436
0.503,86.88743713628898
0.504,86.68723391273943
0.505,86.48479616365158
0.506,86.28011622197783
0.507,86.07318142567608
0.508,85.8639760799723
0.509,85.65248225862945
0.51,85.43867968628001
0.511,85.22254652364511
0.512,85.00406083208213
0.513,84.78320104484916
0.514,84.55994561116418
0.515,84.33427353390448
0.516,84.10616590370397
0.517,83.87560488386976
0.518,83.6425702585837
0.519,83.40703978582573
0.52,83.16899392702706
0.521,82.92841878001606
0.522,82.68530452951221
0.523,82.43964224714964
0.524,82.19142274663622
0.525,81.94063806917993
0.526,81.68728293747631
0.527,81.43135392475162
0.528,81.17284781972396
0.529,80.91176219830302
0.53,80.64809702924092
0.531,80.38185396579576
0.532,80.11303404315133
0.533,79.84163660816972
0.534,79.56765977572024
0.535,79.29110111372732
0.536,79.01195881198493
0.537,78.73023410933033
0.538,78.44593270570333
0.539,78.15906310234641
0.54,77.86963531112616
0.541,77.57766305207818
0.542,77.28316581333587
0.543,76.98616705331148
0.544,76.68669056256495
0.545,76.38475805601628
0.546,76.08038886363119
0.547,75.77360080377923
0.548,75.46441012121045
0.549,75.15283123548396
0.55,74.83887885128915
0.551,74.52257123668025
0.552,74.20393157592083
0.553,73.88298676616218
0.554,73.55976655021954
0.555,73.23430457458534
0.556,72.9066382322053
0.557,72.57680652405611
0.558,72.24484975050876
0.559,71.91081079037016
0.56,71.57473417344565
0.561,71.23666461179445
0.562,70.89664810583798
0.5630000000000001,70.55473320166897
0.5640000000000001,70.21097015622234
0.5650000000000001,69.86540916166486
0.5660000000000001,69.51809968131649
0.5670000000000001,69.16909162432337
0.5680000000000001,68.81843674079744
0.5690000000000001,68.46618990461663
0.5700000000000001,68.11241024249728
0.5710000000000001,67.7571602042407
0.5720000000000001,67.40050357238728
0.5730000000000001,67.04250476608038
0.5740000000000001,66.68322971077649
0.5750000000000001,66.32274732809458
0.5760000000000001,65.96112862498777
0.577,65.5984432105422
0.578,65.23475728928219
0.579,64.87013408225226
0.58,64.50463523365731
0.581,64.13832196996128
0.582,63.771254975144686
0.583,63.40349390560156
0.584,63.03509730160131
0.585,62.66612244458359
0.586,62.2966259150879
0.587,61.926665517349846
0.588,61.55630225308367
0.589,61.18560006615372
0.59,60.81462244596905
0.591,60.44342911831737
0.592,60.072076199850045
0.593,59.70061752514546
0.594,59.32910511211318
0.595,58.957590285610266
0.596,58.58612410929588
0.597,58.21475585154738
0.598,57.84353207179191
0.599,57.47249666099053
0.6,57.101690952672044
0.601,56.73115419740935
0.602,56.360923138230895
0.603,55.991031141096116
0.604,55.621508900512254
0.605,55.252385797876855
0.606,54.88369017356575
0.607,54.51544926004314
0.608,54.14769072938302
0.609,53.78044507928287
0.61,53.41374559740893
0.611,53.047626309700355
0.612,52.68212125841319
0.613,52.31726458640817
0.614,51.95309087456293
0.615,51.58963707438507
0.616,51.22694364641064
0.617,50.865054169761606
0.618,50.50401559455457
0.619,50.143877907485916
0.62,49.78469247966232
0.621,49.426510763722575
0.622,49.06938374019948
0.623,48.71336148039076
0.624,48.35849317346733
0.625,48.004828280315344
0.626,47.65241729312217
0.627,47.3013109592302
0.628,46.95155865934343
0.629,46.60320660383712
0.63,46.256297544744704
0.631,45.91087145731851
0.632,45.56696517513175
0.633,45.224613226905305
0.634,44.88385077597205
0.635,44.54471627117745
0.636,44.207252669482074
0.637,43.87150548894812
0.638,43.53751883156502
0.639,43.205334210454765
0.64,42.87499238900105
0.641,42.54653499432774
0.642,42.22000431893581
0.643,41.89544157713845
0.644,41.57288560820409
0.645,41.25237374015076
0.646,40.93394334151155
0.647,40.61763173237496
0.648,40.303475637121664
0.649,39.991511622101214
0.65,39.681777230760716
0.651,39.37431203097125
0.652,39.06915692374564
0.653,38.76635308133828
0.654,38.46594185889141
0.655,38.16796375143173
0.656,37.872457163428955
0.657,37.57945840118062
0.658,37.28900152629437
0.659,37.00111750589254
0.66,36.715833957005174
0.661,36.43317569156186
0.662,36.15316419131349
0.663,35.87581669024201
0.664,35.6011481097475
0.665,35.32917409506076
0.666,35.05991045040646
0.667,34.793370812044955
0.668,34.529566944289286
0.669,34.26851018047829
0.67,34.01021147452096
0.671,33.75468094079866
0.672,33.5019280416339
0.673,33.251962879474206
0.674,33.00479752667595
0.675,32.760445218471716
0.676,32.51891809034919
0.677,32.28022542402308
0.678,32.04437306586536
0.679,31.811365424607196
0.68,31.581209379195876
0.681,31.35391596524718
0.682,31.129499306514386
0.683,30.907975601825996
0.684,30.68936212621522
0.685,30.473675862110316
0.686,30.26093221713762
0.687,30.051143499465994
0.6880000000000001,29.84431935459723
0.6890000000000001,29.640470073509952
0.6900000000000001,29.439608898523147
0.6910000000000001,29.241752303368685
0.6920000000000001,29.046920283644162
0.6930000000000001,28.855135502227455
0.6940000000000001,28.66642102042348
0.6950000000000001,28.480800515968163
0.6960000000000001,28.29830141597624
0.6970000000000001,28.118955885233152
0.6980000000000001,27.94279756059446
0.6990000000000001,27.769857814134603
0.7000000000000001,27.60016487446374
0.7010000000000001,27.43374430273278
0.7020000000000001,27.270618138569844
0.7030000000000001,27.11080323758724
0.704,26.954311004536056
0.705,26.80114905441362
0.706,26.65132346511855
0.707,26.50483986240843
0.708,26.3617022999304
0.709,26.22191127420664
0.71,26.085462685600454
0.711,25.95234756403844
0.712,25.822553124765655
0.713,25.696064901725272
0.714,25.572867420891782
0.715,25.452944277345324
0.716,25.33627962926454
0.717,25.222859065837476
0.718,25.11266938867434
0.719,25.005699943312663
0.72,24.90194434042958
0.721,24.80139929657505
0.722,24.704062004990213
0.723,24.609930434327552
0.724,24.519006474130286
0.725,24.43129743909273
0.726,24.346815144411273
0.727,24.265574501814775
0.728,24.1875912159989
0.729,24.112879723373865
0.73,24.041453367925115
0.731,23.973324274135983
0.732,23.908500895013596
0.733,23.846985982439584
0.734,23.788776740750116
0.735,23.733865883061306
0.736,23.682242950149885
0.737,23.63389555768378
0.738,23.58880919523005
0.739,23.546966153327567
0.74,23.508345770705198
0.741,23.472925119552748
0.742,23.440678869664332
0.743,23.411580497381486
0.744,23.38560470942717
0.745,23.362728313362226
0.746,23.34292975417454
0.747,23.32618781982341
0.748,23.31247999887293
0.749,23.301783350162353
0.75,23.294077805561408
0.751,23.289348277698146
0.752,23.287584785141796
0.753,23.28878237870819
0.754,23.292940179376238
0.755,23.300057822471416
0.756,23.310131533186897
0.757,23.323153418468493
0.758,23.339113515837923
0.759,23.358001906490124
0.76,23.37981048164324
0.761,23.404535095880924
0.762,23.432176458187
0.763,23.46273808919232
0.764,23.49622393971233
0.765,23.532638544089302
0.766,23.571988028342396
0.767,23.614280173678885
0.768,23.65952427207354
0.769,23.70772997334842
0.77,23.758904907322425
0.771,23.813054327388357
0.772,23.8701828213216
0.773,23.930294951968484
0.774,23.99339441434021
0.775,24.05948264174335
0.776,24.128557213163774
0.777,24.200610755563034
0.778,24.275632045122066
0.779,24.35360877375023
0.78,24.43452874581221
0.781,24.518378991585216
0.782,24.605145836517963
0.783,24.694817188260807
0.784,24.787383071521326
0.785,24.882831989235925
0.786,24.9811474978003
0.787,25.082308567638982
0.788,25.18629156289343
0.789,25.293071620629618
0.79,25.40262366681256
0.791,25.514922233772992
0.792,25.629940571013073
0.793,25.747652180612192
0.794,25.86803353176998
0.795,25.99106406062411
0.796,26.116724563993948
0.797,26.244996199848018
0.798,26.375860319005497
0.799,26.50929947958754
0.8,26.64529755749436
0.801,26.783837327347435
0.802,26.92489888632064
0.803,27.068461671004947
0.804,27.21450749661011
0.805,27.363020431480386
0.806,27.51398379146177
0.807,27.667379262726556
0.808,27.823190120030787
0.809,27.98140463428969
0.81,28.14201687633577
0.811,28.305026165952153
0.812,28.470437117128448
0.8130000000000001,28.63825959209344
0.8140000000000001,28.80850659577868
0.8150000000000001,28.98119200106243
0.8160000000000001,29.156330383981153
0.8170000000000001,29.333937276549214
0.8180000000000001,29.514028467755235
0.8190000000000001,29.696618243844984
0.8200000000000001,29.88171698467571
0.8210000000000001,30.069329280599295
0.8220000000000001,30.25945354034912
0.8230000000000001,30.452083765296475
0.8240000000000001,30.647211445987274
0.8250000000000001,30.84482546249345
0.8260000000000001,31.04491269397011
0.8270000000000001,31.247461479114286
0.8280000000000001,31.452464937900498
0.8290000000000001,31.659920149009828
0.8300000000000001,31.86982377964391
0.8310000000000001,32.08216974064942
0.8320000000000001,32.296951767569695
0.833,32.514166585596435
0.834,32.73381368573203
0.835,32.955893881137094
0.836,33.180409244351324
0.837,33.40736332172639
0.838,33.63675992718933
0.839,33.86860082042598
0.84,34.10288381966423
0.841,34.33960190279535
0.842,34.57874300437763
0.843,34.820290722091514
0.844,35.06422496481065
0.845,35.310521465334766
0.846,35.55915213437111
0.847,35.810087169476944
0.848,36.06329574273536
0.849,36.318743813354715
0.85,36.57639193360252
0.851,36.8361951586877
0.852,37.09810475964251
0.853,37.362071061652046
0.854,37.62804544290088
0.855,37.89598034438241
0.856,38.165828721831375
0.857,38.4375430012837
0.858,38.71107349141468
0.859,38.98636848052054
0.86,39.26337669018075
0.861,39.5420490794053
0.862,39.8223368858781
0.863,40.10418848843323
0.864,40.38754983900009
0.865,40.672366876266096
0.866,40.95858703258432
0.867,41.246160818310656
0.868,41.535042479363895
0.869,41.825188464359584
0.87,42.11655677351416
0.871,42.40910880797747
0.872,42.70281069323989
0.873,42.99763218279028
0.874,43.29354497601841
0.875,43.5905212741527
0.876,43.88853182793157
0.877,44.18754491872687
0.878,44.487527586275746
0.879,44.78844719797372
0.88,45.09027154281014
0.881,45.392968244606934
0.882,45.69650483911461
0.883,46.00084990149595
0.884,46.30597486783204
0.885,46.61185589673877
0.886,46.91847533915114
0.887,47.22582260720439
0.888,47.533893532295814
0.889,47.84268776693818
0.89,48.152206449338536
0.891,48.46245216929833
0.892,48.773429524092826
0.893,49.08514368481368
0.894,49.39759724800237
0.895,49.71078757355005
0.896,50.024706747823224
0.897,50.33934432728184
0.898,50.654690472885264
0.899,50.97073677328184
0.9,51.287473742058644
0.901,51.604887094731765
0.902,51.92295709948249
0.903,52.24166201252641
0.904,52.56098070126467
0.905,52.88089178637176
0.906,53.201373615016415
0.907,53.52240622827719
0.908,53.843971458358794
0.909,54.16605177125609
0.91,54.48863095009009
0.911,54.811695649491185
0.912,55.13523461701315
0.913,55.45923576301423
0.914,55.78368572167767
0.915,56.108573106657495
0.916,56.43388974129452
0.917,56.75962730445494
0.918,57.08577466638516
0.919,57.412319226364275
0.92,57.73924817297063
0.921,58.066546329526325
0.922,58.39419368823697
0.923,58.72216593640306
0.924,59.05043620669715
0.925,59.37897592344521
0.926,59.70775576542951
0.927,60.036746677076934
0.928,60.365919280823334
0.929,60.695242316506075
0.93,61.02468218311799
0.931,61.35420424317671
0.932,61.68377470862983
0.933,62.013361433842036
0.934,62.34293408973029
0.935,62.672465581295334
0.936,63.00193384945058
0.937,63.33132168179908
0.9380000000000001,63.66061411848533
0.9390000000000001,63.98979562230346
0.9400000000000001,64.31884853916026
0.9410000000000001,64.6477524549783
0.9420000000000001,64.97648520327462
0.9430000000000001,65.30502395262778
0.9440000000000001,65.63334441199905
0.9450000000000001,65.96142142256838
0.9460000000000001,66.2892310376124
0.9470000000000001,66.61675039638762
0.9480000000000001,66.94395618445208
0.9490000000000001,67.27082426621057
0.9500000000000001,67.59733101721326
0.9510000000000001,67.92345426670207
0.9520000000000001,68.24917187777098
0.9530000000000001,68.57446061953578
0.9540000000000001,68.89929738445649
0.9550000000000001,69.22365947091538
0.9560000000000001,69.5475227114622
0.9570000000000001,69.87086122472645
0.9580000000000001,70.1936492733744
0.9590000000000001,70.51586152926643
0.96,70.83747129532516
0.961,71.15844877618034
0.962,71.4787605797321
0.963,71.79837134118995
0.964,72.11724621583214
0.965,72.4353515514789
0.966,72.75265495249275
0.967,73.06912692455498
0.968,73.38474165388737
0.969,73.69947585281975
0.97,74.01330886971594
0.971,74.3262243931768
0.972,74.63821055125808
0.973,74.949257749472
0.974,75.25935697155685
0.975,75.56849919123387
0.976,75.87667523512872
0.977,76.18387702101757
0.978,76.49009794626207
0.979,76.79532981878648
0.98,77.09956014375877
0.981,77.40277330138196
0.982,77.7049522008665
0.983,78.00607720825883
0.984,78.30612448343882
0.985,78.6050653973227
0.986,78.90286593130585
0.987,79.19948614915748
0.988,79.49488097298156
0.989,79.78900167523967
0.99,80.08179771758992
0.991,80.3732200992221
0.992,80.66322460407665
0.993,80.95177143451318
0.994,81.23882172925425
0.995,81.52433562588436
0.996,81.80827349969178
0.997,82.09059607067243
0.998,82.37126219348687
0.999,82.65022851750348
1.0,82.92745119046482
1.0010000000000001,83.20288752900406
1.002,83.47649715428986
1.0030000000000001,83.74824053397316
1.004,84.01807665397584
1.0050000000000001,84.28596469895174
1.006,84.55186814630032
1.0070000000000001,84.81575661561232
1.008,85.07760513908661
1.0090000000000001,85.33739261816206
1.01,85.59510008079664
1.0110000000000001,85.85070893498461
1.012,86.1041996446233
1.0130000000000001,86.35555135316082
1.014,86.60474204044812
1.0150000000000001,86.85174797552156
1.016,87.0965422076797
1.0170000000000001,87.3390928047982
1.018,87.57936229745863
1.0190000000000001,87.81730877124821
1.02,88.05288759621502
1.0210000000000001,88.28605417137479
1.022,88.51676706765281
1.0230000000000001,88.74498890990043
1.024,88.9706852642434
1.025,89.19382389150695
1.026,89.41437467017519
1.027,89.63230952712254
1.028,89.84760245509824
1.029,90.06022961851104
1.03,90.27016892781472
1.031,90.47739931754816
1.032,90.68190096031583
1.033,90.88365501756925
1.034,91.08264071357215
1.035,91.27883267556685
1.036,91.47220211808086
1.037,91.66271938794561
1.038,91.85035504511417
1.039,92.03507959175977
1.04,92.21686194695397
1.041,92.39566899162011
1.042,92.57146787523965
1.043,92.74422813486608
1.044,92.91392134206995
1.045,93.08052077979191
1.046,93.24400279451146
1.047,93.40434575516525
1.048,93.56152648984096
1.049,93.71551989247922
1.05,93.86630114719568
1.051,94.01384724530863
1.052,94.15813896649625
1.053,94.29916248203435
1.054,94.4369067681089
1.055,94.57135836643768
1.056,94.70249995846666
1.057,94.8303139350462
1.058,94.95478512344461
1.059,95.07590014956833
1.06,95.19364654998236
1.061,95.30801226498846
1.062,95.41898418715851
1.063,95.52654723010374
1.064,95.63068543915396
1.065,95.73138474778519
1.066,95.82863552559832
1.067,95.9224329805101
1.068,96.01277676121181
1.069,96.09967128662095
1.07,96.1831251364936
1.071,96.26314914696275
1.072,96.33975408965048
1.073,96.41294898937385
1.074,96.48274191147598
1.075,96.5491411432211
1.076,96.61215444949958
1.077,96.67178854628796
1.078,96.72804930127981
1.079,96.78094174810889
1.08,96.83047048941299
1.081,96.87663963518978
1.082,96.91945181871935
1.083,96.95890811861676
1.084,96.99500978318599
1.085,97.02776003972414
1.086,97.05716397351364
1.087,97.08322764856675
1.088,97.10595792087923
1.089,97.12536220814735
1.09,97.1414488769535
1.091,97.15422837602168
1.092,97.16371192785488
1.093,97.16990730725254
1.094,97.17281645902867
1.095,97.17243740783404
1.096,97.16876758712634
1.097,97.16180502889388
1.098,97.15154793838356
1.099,97.13799546036871
1.1,97.12114813305385
1.101,97.10100625692067
1.102,97.07756842526194
1.103,97.05083108606586
1.104,97.0207896031855
1.105,96.98744171972362
1.106,96.95079056373088
1.107,96.9108446494476
1.108,96.86761636576153
1.109,96.82111988257225
1.11,96.77136934779502
1.111,96.71837933677294
1.112,96.66216586538346
1.113,96.60274592569104
1.114,96.54013637392197
1.115,96.47435306723051
1.116,96.40541097462204
1.117,96.33332424599226
1.118,96.2581049403231
1.119,96.1797618945036
1.12,96.0983016800915
1.121,96.01373019171201
1.122,95.92605139936512
1.123,95.8352644352803
1.124,95.74136348558206
1.125,95.6443416116719
1.1260000000000001,95.54419534207895
1.127,95.44092608782631
1.1280000000000001,95.33453869353505
1.129,95.22504046570955
1.1300000000000001,95.11244140568277
1.131,94.99675407861815
1.1320000000000001,94.87799249566329
1.133,94.75617066336565
1.1340000000000001,94.63130195485971
1.135,94.50340042181475
1.1360000000000001,94.37248375517296
1.137,94.23857590029122
1.1380000000000001,94.10170763935847
1.139,93.9619148662363
1.1400000000000001,93.81923487447187
1.141,93.6737019576234
1.1420000000000001,93.52534489046886
1.143,93.37418726574899
1.1440000000000001,93.22024896811865
1.145,93.06354731206349
1.1460000000000001,92.9040982214157
1.147,92.74191747498037
1.1480000000000001,92.57702019204174
1.149,92.40941923962478
1.1500000000000001,92.23912575074289
1.151,92.06615081225888
1.1520000000000001,91.8905061180677
1.153,91.71220382067051
1.154,91.53125514616409
1.155,91.34766837912096
1.156,91.16144864641527
1.157,90.97260020976836
1.158,90.78112936112021
1.159,90.5870447822183
1.16,90.3903546030959
1.161,90.19106343985041
1.162,89.98917188147625
1.163,89.78467761943205
1.164,89.57757684492819
1.165,89.36786596874015
1.166,89.15554425170848
1.167,88.94061505938525
1.168,88.72308352267461
1.169,88.50295373442826
1.17,88.28022843283111
1.171,88.0549094534369
1.172,87.82699757564106
1.173,87.59649245868479
1.174,87.36339352534455
1.175,87.12770159762206
1.176,86.88941994630201
1.177,86.64855522063354
1.178,86.40511890563013
1.179,86.15912722000917
1.18,85.91059846488379
1.181,85.65955093024934
1.182,85.4060034576465
1.183,85.14997485901196
1.184,84.89148086545472
1.185,84.63053427476491
1.186,84.36714927828302
1.187,84.1013444089848
1.188,83.83314221381096
1.189,83.56256819148385
1.19,83.28965080402531
1.191,83.01442241794155
1.192,82.73692007474952
1.193,82.45718493079838
1.194,82.17526059697171
1.195,81.89119130210887
1.196,81.60501948966191
1.197,81.31678380264148
1.198,81.02651992786988
1.199,80.73426338058995
1.2,80.4400510171303
1.201,80.14392082423575
1.202,79.84591183397637
1.203,79.54606342957459
1.204,79.2444128808317
1.205,78.94099375659275
1.206,78.63583564060457
1.207,78.32896335124667
1.208,78.02039717210769
1.209,77.71015483183481
1.21,77.39825396315631
1.211,77.08471323139574
1.212,76.76955078066405
1.213,76.45278269621892
1.214,76.13442303510448
1.215,75.81448339980756
1.216,75.49297314792432
1.217,75.16990180046164
1.218,74.8452815751162
1.219,74.51912875485
1.22,74.19146494398964
1.221,73.86231792894728
1.222,73.53172036981802
1.223,73.19970657762354
1.224,72.86630942569259
1.225,72.53155918294239
1.226,72.19548519874357
1.227,71.85811937404674
1.228,71.51949907593904
1.229,71.17966795840687
1.23,70.83867390986003
1.231,70.49656503835766
1.232,70.15338686810837
1.233,69.80918148192583
1.234,69.46398689307617
1.235,69.11783797218769
1.236,68.77076994543323
1.237,68.42282141903192
1.238,68.07403485760996
1.239,67.72445527628032
1.24,67.3741282316974
1.241,67.0230986174061
1.242,66.67141192263213
1.243,66.31911697198919
1.244,65.9662664212784
1.245,65.61291340904143
1.246,65.25910742870346
1.247,64.90489278327564
1.248,64.5503087483443
1.249,64.19538977349801
1.25,63.8401667599408
1.2510000000000001,63.48466854266034
1.252,63.128922298701326
1.2530000000000001,62.77295503165611
1.254,62.416795474227946
1.2550000000000001,62.060473918000795
1.256,61.70402125744231
1.2570000000000001,61.34746882661842
1.258,60.99084892056219
1.2590000000000001,60.63419579837823
1.26,60.27754659876932
1.2610000000000001,59.92094122171046
1.262,59.56442163829729
1.2630000000000001,59.20803151890941
1.264,58.85181526177787
1.2650000000000001,58.495816808567355
1.266,58.14008017837493
1.2670000000000001,57.78465106850321
1.268,57.42957827679214
1.2690000000000001,57.07491463919477
1.27,56.72071583723947
1.2710000000000001,56.367037301098144
1.272,56.013931894824346
1.2730000000000001,55.66144942186229
1.274,55.309638407701016
1.2750000000000001,54.958548567620085
1.276,54.60823059861099
1.2770000000000001,54.258735180273185
1.278,53.910114336507654
1.2790000000000001,53.56242182956216
1.28,53.21570947217728
1.281,52.870023037312876
1.282,52.525402279597174
1.283,52.181884195385834
1.284,51.83950500606727
1.285,51.498299472255695
1.286,51.15830084018744
1.287,50.81954234181745
1.288,50.48205744099984
1.289,50.14587761292616
1.29,49.811029356200414
1.291,49.47753296627713
1.292,49.14540409458331
1.293,48.81465759188732
1.294,48.48531167244012
1.295,48.15738950168209
1.296,47.83091867497505
1.297,47.50593046320813
1.298,47.18245786627173
1.299,46.86053317704405
1.3,46.540187118059876
1.301,46.221448720234214
1.302,45.90434549684394
1.303,45.588904972408685
1.304,45.27515642858336
1.305,44.96313017624202
1.306,44.65285465674456
1.307,44.34435517758733
1.308,44.03765584244094
1.309,43.732780996397196
1.31,43.429754165039554
1.311,43.12859742425558
1.312,42.82933260951896
1.313,42.53198283465558
1.314,42.236572571621885
1.315,41.94312622244537
1.316,41.651667728770576
1.317,41.36222165778332
1.318,41.07481256915328
1.319,40.78946214208913
1.32,40.50618752658582
1.321,40.2250026654675
1.322,39.945919663847846
1.323,39.66894735867382
1.324,39.39408940766114
1.325,39.121345311888525
1.326,38.85071411711026
1.327,38.58219824992595
1.328,38.31580459720685
1.329,38.05154195030033
1.33,37.78941834022805
1.331,37.529441737740285
1.332,37.27162237873232
1.333,37.01597379618845
1.334,36.76251202814815
1.335,36.51125411004655
1.336,36.262216569441016
1.337,36.015413620053764
1.338,35.77085725684525
1.339,35.52856037214447
1.34,35.28853884820394
1.341,35.05081033433334
1.342,34.81539163137575
1.343,34.58229737490868
1.344,34.35154182076458
1.345,34.12314138164825
1.346,33.8971146071826
1.347,33.673481542309034
1.348,33.4522641258718
1.349,33.23348531866057
1.35,33.017167210515396
1.351,32.80333102560073
1.352,32.591998534138696
1.353,32.383192913094604
1.354,32.176938867833336
1.355,31.97326205683437
1.356,31.772188862882135
1.357,31.57374676601217
1.358,31.377963850860773
1.359,31.184867698290322
1.36,30.994484747167288
1.361,30.80684063992576
1.362,30.621961056536197
1.363,30.439872265144725
1.364,30.260601108912844
1.365,30.084173813121406
1.366,29.910614739594443
1.367,29.739946234305663
1.368,29.572188740286787
1.369,29.407361312532938
1.37,29.245483233961018
1.371,29.086575570746476
1.372,28.930660083753107
1.373,28.77775537395102
1.374,28.62787377500659
1.375,28.481021561821954
1.3760000000000001,28.337200779323176
1.377,28.19640946133476
1.3780000000000001,28.058640275597057
1.379,27.92388016730822
1.3800000000000001,27.792112090852598
1.381,27.663317633679448
1.3820000000000001,27.53747881879645
1.383,27.414578442918668
1.3840000000000001,27.29459960865522
1.385,27.177525926575953
1.3860000000000001,27.063342344950954
1.387,26.952033726453998
1.3880000000000001,26.843581742732937
1.389,26.737965096622112
1.3900000000000001,26.635162437326102
1.391,26.53515282699049
1.3920000000000001,26.437913888444506
1.393,26.343420993758322
1.3940000000000001,26.251648170503493
1.395,26.162570030790462
1.3960000000000001,26.076164210558375
1.397,25.99241277440253
1.3980000000000001,25.91130159488987
1.399,25.83281951657662
1.4000000000000001,25.756959167568084
1.401,25.683718387656633
1.4020000000000001,25.613100316772048
1.403,25.54511234615832
1.4040000000000001,25.479765430212908
1.405,25.417073740273736
1.4060000000000001,25.35705439083683
1.407,25.2997272774765
1.408,25.2451132881609
1.409,25.193230633850618
1.41,25.144092782286457
1.411,25.097709907603367
1.412,25.054091364049462
1.413,25.01324685088251
1.414,24.975185943161158
1.415,24.939916724981927
1.416,24.90744574704962
1.417,24.877778472799
1.418,24.85091763912267
1.419,24.826861909327754
1.42,24.80560687311825
1.421,24.787146403950935
1.422,24.77147375619395
1.423,24.75858238381378
1.424,24.748464990048177
1.425,24.741111732593673
1.426,24.73650961004884
1.427,24.734642941425392
1.428,24.735494064853654
1.429,24.73904289985432
1.43,24.74526560196091
1.431,24.754134065311263
1.432,24.765616600073002
1.433,24.77968003426097
1.434,24.796292691881163
1.435,24.815425848451554
1.436,24.837052647893046
1.437,24.861146427404748
1.438,24.88768141186368
1.439,24.916635695444278
1.44,24.947993533956875
1.441,24.981745120435868
1.442,25.01788402483828
1.443,25.056404207151346
1.444,25.097298836460816
1.445,25.140561074886563
1.446,25.18618479831091
1.447,25.234163838874963
1.448,25.284491411552125
1.449,25.33716097225659
1.45,25.392166118216636
1.451,25.44949847175247
1.452,25.509147069640534
1.453,25.571100112373806
1.454,25.635345539957036
1.455,25.701870489210002
1.456,25.770661548400952
1.457,25.841704956693306
1.458,25.91498660472225
1.459,25.990493409782047
1.46,26.06821510582072
1.461,26.148143268027468
1.462,26.23026913701441
1.463,26.314584227501555
1.464,26.401082288274523
1.465,26.489759848559224
1.466,26.580616000654153
1.467,26.67365236485646
1.468,26.768872938445988
1.469,26.866283853745337
1.47,26.96589227764271
1.471,27.067703638075066
1.472,27.171720265910302
1.473,27.277943288907842
1.474,27.386374039496943
1.475,27.497013845535236
1.476,27.60986498058405
1.477,27.72493219700886
1.478,27.84222228772147
1.479,27.961742191566827
1.48,28.08349827254417
1.481,28.207497831716225
1.482,28.33375098364332
1.483,28.462270571662007
1.484,28.593071342237486
1.485,28.726170327287992
1.486,28.86158620147601
1.487,28.999336224099736
1.488,29.139433926689037
1.489,29.281890138783613
1.49,29.426715168907855
1.491,29.57391822574251
1.492,29.72350510403871
1.493,29.875477529437788
1.494,30.02983435140599
1.495,30.18657455091809
1.496,30.345700922362784
1.497,30.507220911077102
1.498,30.671145586614806
1.499,30.837490273554938
1.5,31.00627504022008
1.5010000000000001,31.17752234981323
1.502,31.351254082687078
1.5030000000000001,31.527490183894056
1.504,31.706248351313587
1.5050000000000001,31.88754433091954
1.506,32.07139249944007
1.5070000000000001,32.25780578137037
1.508,32.446794695431095
1.5090000000000001,32.638366153729145
1.51,32.832523013344726
1.5110000000000001,33.02926509791999
1.512,33.2285903842413
1.5130000000000001,33.43049547885947
1.514,33.6349768790403
1.5150000000000001,33.84203251535777
1.516,34.051661534163344
1.5170000000000001,34.263862867389854
1.518,34.4786345724645
1.5190000000000001,34.69597411424152
1.52,34.91587824114397
1.5210000000000001,35.13834325244909
1.522,35.36336743819154
1.5230000000000001,35.59095452159803
1.524,35.82111495204054
1.5250000000000001,36.05386308156844
1.526,36.289212572901384
1.5270000000000001,36.5271749151546
1.528,36.76776094103538
1.5290000000000001,37.01098160834816
1.53,37.25684828253063
1.5310000000000001,37.50537305310823
1.532,37.756566696782194
1.5330000000000001,38.01043540093724
1.534,38.266980183830306
1.5350000000000001,38.52619919188139
1.536,38.788089104512004
1.537,39.052643457171534
1.538,39.319850256564266
1.539,39.58969227163141
1.54,39.86215004873776
1.541,40.13720405508954
1.542,40.414834206361306
1.543,40.69501905807353
1.544,40.97773598574581
1.545,41.26296233919143
1.546,41.550676578472945
1.547,41.84085714787395
1.548,42.1334796252289
1.549,42.42851473288105
1.55,42.72592828689581
1.551,43.02568277956098
1.552,43.32773902926676
1.553,43.63205672100789
1.554,43.93859477173071
1.555,44.24731156250949
1.556,44.55816486791247
1.557,44.87111287986259
1.558,45.186114468187846
1.559,45.50312649772557
1.56,45.82210113256415
1.561,46.142985614204974
1.562,46.46572429941493
1.563,46.79026193719776
1.564,47.11654578306199
1.565,47.444525513461784
1.566,47.77415220738455
1.567,48.10537673420967
1.568,48.438148444771514
1.569,48.77241705446493
1.57,49.10813632231843
1.571,49.44526474955914
1.572,49.78376418777629
1.573,50.12359901561203
1.574,50.4647345522144
1.575,50.807134603542906
1.576,51.150759927595175
1.577,51.49556782397119
1.578,51.84151222754598
1.579,52.188544045917524
1.58,52.53661197228003
1.581,52.8856640643021
1.582,53.23564877916541
1.583,53.58651355732345
1.584,53.93820264662611
1.585,54.29065728787236
1.586,54.64381769559195
1.587,54.997625251889914
1.588,55.35202407622492
1.589,55.70696023386938
1.59,56.06237918118695
1.591,56.41822537985965
1.592,56.774445202836574
1.593,57.13098889049843
1.594,57.48780926361658
1.595,57.84486032888855
1.596,58.20209709197297
1.597,58.55947551645352
1.598,58.9169527657546
1.599,59.27448637409505
1.6,59.632032356415415
1.601,59.989544722166855
1.602,60.34697612294427
1.603,60.704278901774856
1.604,61.06140664189287
1.605,61.418315054576105
1.606,61.774962080523466
1.607,62.13130837882561
1.608,62.4873182905213
1.609,62.84296027031506
1.61,63.19820663981811
1.611,63.55303336795183
1.612,63.907419457605144
1.613,64.2613457038758
1.614,64.61479361417736
1.615,64.96774412133297
1.616,65.32017570865543
1.617,65.67206313645312
1.618,66.02337837807895
1.619,66.37409340310039
1.62,66.72418129575246
1.621,67.07361446586046
1.622,67.42236317431431
1.623,67.77039530385116
1.624,68.11767674668124
1.625,68.46417403172043
1.6260000000000001,68.80985815300394
1.627,69.15470621659031
1.6280000000000001,69.49869971776153
1.629,69.8418208908667
1.6300000000000001,70.18405167350824
1.631,70.5253768100961
1.6320000000000001,70.8657852458085
1.633,71.20526714594263
1.6340000000000001,71.5438115053508
1.635,71.88140629748065
1.6360000000000001,72.21803796259915
1.637,72.55368941762026
1.6380000000000001,72.88833919028488
1.639,73.22196315318683
1.6400000000000001,73.55453616467796
1.641,73.88603237460498
1.6420000000000001,74.2164269687121
1.643,74.54569752586579
1.6440000000000001,74.8738215494511
1.645,75.20077362080703
1.6460000000000001,75.5265258639037
1.647,75.85104935175858
1.6480000000000001,76.17431397584487
1.649,76.49628842557019
1.6500000000000001,76.81694094305709
1.651,77.13623910655814
1.6520000000000001,77.45414981715496
1.653,77.77064167364168
1.6540000000000001,78.08568780657643
1.655,78.39926635666316
1.6560000000000001,78.71135845082165
1.657,79.02194466272165
1.6580000000000001,79.33100217542165
1.659,79.63850546609243
1.6600000000000001,79.94442880610404
1.661,80.24874602343357
1.6620000000000001,80.55142829446027
1.663,80.85244379853376
1.6640000000000001,81.15175899070596
1.665,81.44934028654706
1.666,81.74515607480949
1.667,82.03917631835708
1.668,82.3313688388061
1.669,82.62169664970324
1.67,82.9101190851257
1.671,83.19659434071468
1.672,83.48108109225907
1.673,83.7635395851992
1.674,84.04393162499483
1.675,84.32221993605219
1.676,84.59836985950948
1.677,84.87235231579456
1.678,85.14414423212584
1.679,85.4137263790926
1.68,85.68108151564176
1.681,85.94619424735798
1.682,86.20905099940501
1.683,86.46963894560571
1.684,86.72794438362655
1.685,86.98395087448989
1.686,87.23763878141547
1.687,87.48898765528361
1.688,87.73797821175543
1.689,87.98459078172834
1.69,88.22880380069755
1.691,88.47059582092669
1.692,88.70994752813326
1.693,88.94683975581101
1.694,89.18125004628453
1.695,89.41315178834387
1.696,89.64251467821103
1.697,89.8693050082712
1.698,90.09348714996568
1.699,90.31502432069556
1.7,90.5338766544881
1.701,90.75000055312474
1.702,90.96335154547536
1.703,91.1738865028325
1.704,91.3815628180273
1.705,91.58633691717381
1.706,91.78816367205468
1.707,91.9869963907193
1.708,92.18278748371253
1.709,92.37548993389947
1.71,92.56505947983382
1.711,92.75145680266766
1.712,92.9346480207628
1.713,93.11460316393826
1.714,93.29129449261319
1.715,93.46469656977175
1.716,93.63478749111478
1.717,93.80154862958034
1.718,93.96496266258075
1.719,94.12501270089166
1.72,94.28168367556611
1.721,94.43496336698936
1.722,94.5848414064244
1.723,94.73130865921786
1.724,94.87435757726045
1.725,95.01398162351782
1.726,95.1501745460505
1.727,95.2829294760065
1.728,95.41223688362254
1.729,95.5380837403786
1.73,95.66045522926983
1.731,95.779336527574
1.732,95.8947126002347
1.733,96.00656835290575
1.734,96.11489129768131
1.735,96.21967248995729
1.736,96.32090345112235
1.737,96.41857456886189
1.738,96.51267777212968
1.739,96.60320953975213
1.74,96.69017149271792
1.741,96.77356914766376
1.742,96.85341030208744
1.743,96.92970471997248
1.744,97.00246473316435
1.745,97.07170521214874
1.746,97.13744329601164
1.747,97.19969812240606
1.748,97.25848914282084
1.749,97.31383366670332
1.75,97.36574644424726
1.7510000000000001,97.41424116001693
1.752,97.45933194057457
1.7530000000000001,97.50103475778158
1.754,97.53936753747577
1.7550000000000001,97.5743479866765
1.756,97.60599195387115
1.7570000000000001,97.63431383683327
1.758,97.65932759821962
1.7590000000000001,97.68104816950601
1.76,97.69949283623863
1.7610000000000001,97.71468088860108
1.762,97.72663100413871
1.7630000000000001,97.73535842399708
1.764,97.74087478279151
1.7650000000000001,97.74318933747692
1.766,97.74230785862618
1.7670000000000001,97.73822991229588
1.768,97.73094805991754
1.7690000000000001,97.7204503700282
1.77,97.70672507603948
1.7710000000000001,97.68976378447505
1.772,97.66956076852546
1.7730000000000001,97.64611124314808
1.774,97.6194117560253
1.7750000000000001,97.58946150326604
1.776,97.55626296175996
1.7770000000000001,97.51982152915511
1.778,97.48014384364376
1.7790000000000001,97.43723545945306
1.78,97.3910998617523
1.7810000000000001,97.34173864087438
1.782,97.28915137347505
1.7830000000000001,97.2333357879676
1.784,97.17428837678334
1.7850000000000001,97.11200487220981
1.786,97.04648009996436
1.7870000000000001,96.97770715778816
1.788,96.90567698212382
1.7890000000000001,96.83037844513986
1.79,96.75179908503728
1.7910000000000001,96.66992667548459
1.792,96.58475054227756
1.793,96.49626233523452
1.794,96.40445550473632
1.795,96.30932296828951
1.796,96.21085641318587
1.797,96.10904820115499
1.798,96.00389225597362
1.799,95.89538368902438
1.8,95.78351820188789
1.801,95.66829101749185
1.802,95.54969620123211
1.803,95.42772644660252
1.804,95.30237395793046
1.805,95.17363266649733
1.806,95.04149900166247
1.807,94.9059708611767
1.808,94.76704777734349
1.809,94.62473200338647
1.81,94.47902702413958
1.811,94.32993428501143
1.812,94.17745352325252
1.813,94.02158697810287
1.814,93.86234127909404
1.815,93.69972479600291
1.816,93.53374428840719
1.817,93.36440373093028
1.818,93.1917057899542
1.819,93.01565443062185
1.82,92.83625529370356
1.821,92.65351415236726
1.822,92.46743779867282
1.823,92.27803774826023
1.824,92.08533257620621
1.825,91.8893469506034
1.826,91.6901097317836
1.827,91.48765284503878
1.828,91.28200989411346
1.829,91.07321571472409
1.83,90.86130785924857
1.831,90.64632615111175
1.832,90.42830921932865
1.833,90.20729272377301
1.834,89.9833114803838
1.835,89.75640270318628
1.836,89.52660775861685
1.837,89.29397164701277
1.838,89.05854091636596
1.839,88.82036340198307
1.84,88.57949062396062
1.841,88.3359779922768
1.842,88.08988141940577
1.843,87.84125571349873
1.844,87.59015699517235
1.845,87.33664429006284
1.846,87.08077696672046
1.847,86.822610753927
1.848,86.56219647533989
1.849,86.2995824349498
1.85,86.03481671763763
1.851,85.76794663236953
1.852,85.49901867615361
1.853,85.22808095447488
1.854,84.95518396485124
1.855,84.68037818556681
1.856,84.40371218629
1.857,84.12523324355442
1.858,83.84498862227076
1.859,83.56302599760656
1.86,83.27939269288555
1.861,82.99413391610767
1.862,82.70729231467422
1.863,82.41890925812172
1.864,82.1290249114135
1.865,81.8376772321104
1.866,81.54490157263415
1.867,81.25073052910474
1.868,80.95519446313605
1.869,80.6583240371795
1.87,80.36015330680752
1.871,80.06071927084048
1.872,79.76005746726449
1.873,79.45819853402122
1.874,79.15516959500835
1.875,78.85099816766991
1.8760000000000001,78.54571337888605
1.877,78.23934457922803
1.8780000000000001,77.93192017463099
1.879,77.6234662850813
1.8800000000000001,77.31400556530083
1.881,77.00355723571595
1.8820000000000001,76.69213713983078
1.883,76.37975787919439
1.8840000000000001,76.06642998706693
1.885,75.7521625093301
1.8860000000000001,75.43696261497749
1.887,75.12083686687976
1.8880000000000001,74.80379352361655
1.889,74.48584216927183
1.8900000000000001,74.16699140066694
1.891,73.84724846395396
1.8920000000000001,73.52662120267473
1.893,73.20512034571547
1.8940000000000001,72.88276054113177
1.895,72.55955956455723
1.8960000000000001,72.23553778341301
1.897,71.91071893443358
1.8980000000000001,71.58512925066401
1.899,71.25879457208156
1.9000000000000001,70.93173844881672
1.901,70.6039806641345
1.9020000000000001,70.27553571568887
1.903,69.94641433076197
1.9040000000000001,69.61662735465492
1.905,69.286187552144
1.9060000000000001,68.95510811340989
1.907,68.62340048161144
1.9080000000000001,68.29107398336237
1.909,67.95813711454993
1.9100000000000001,67.62459905434001
1.911,67.29047058112039
1.9120000000000001,66.95576463811123
1.913,66.62049698609007
1.9140000000000001,66.284685484119
1.915,65.94834754027342
1.9160000000000001,65.61149832274383
1.917,65.27415033586186
1.9180000000000001,64.93631386115231
1.919,64.59799979654957
1.92,64.25922367384851
1.921,63.92000749652024
1.922,63.58037929149884
1.923,63.240371879364574
1.924,62.90002140557145
1.925,62.55936711221128
1.926,62.21845299938573
1.927,61.87732820359942
1.928,61.53604516891181
1.929,61.19465831453984
1.93,60.853222988300516
1.931,60.511792913958566
1.932,60.17041717434866
1.933,59.82913957188937
1.934,59.488001101182164
1.935,59.14704228835613
1.936,58.806302793448786
1.937,58.46582079785818
1.938,58.12563413644198
1.939,57.78578134618381
1.94,57.44630211291524
1.941,57.10723748945459
1.942,56.76862955875241
1.943,56.43052048553799
1.944,56.09295089434645
1.945,55.75595835029576
1.946,55.41957680307934
1.947,55.08383686287361
1.948,54.7487665026665
1.949,54.41439168660017
1.95,54.08073668616185
1.951,53.74782509595494
1.952,53.41568217363693
1.953,53.08433565329901
1.954,52.753812532498515
1.955,52.42413470167327
1.956,52.095318085396784
1.957,51.76737592484523
1.958,51.440321696131086
1.959,51.11416833542958
1.96,50.788926974235245
1.961,50.46460866978231
1.962,50.14122746615624
1.963,49.81880197454763
1.964,49.497354380538496
1.965,49.176907640212
1.966,48.857482871258945
1.967,48.53909856041932
1.968,48.22177216478134
1.969,47.905521824815295
1.97,47.5903651774826
1.971,47.27631760593002
1.972,46.963393880018344
1.973,46.651610395607015
1.974,46.34098375681521
1.975,46.03152839755208
1.976,45.723256259540804
1.977,45.41617707249679
1.978,45.11029911865413
1.979,44.80563068251118
1.98,44.50218036319715
1.981,44.19995698334091
1.982,43.89896972680465
1.983,43.59922666582187
1.984,43.30073427531721
1.985,43.00350053569784
1.986,42.707537218633064
1.987,42.41285861370142
1.988,42.11947965762052
1.989,41.82741576520007
1.99,41.5366844042603
1.991,41.24730686218409
1.992,40.9593070888038
1.993,40.67270817346419
1.994,40.387531813698104
1.995,40.10380163975513
1.996,39.82154497701357
1.997,39.54079025874465
1.998,39.26156290392527
1.999,38.98388299463767
2.0,38.70776517369837
2.001,38.43321983979874
2.0020000000000002,38.16025471503952
2.003,37.88887626853911
2.004,37.61909075949327
2.005,37.35090492446212
2.0060000000000002,37.08432683396576
2.007,36.81936575907538
2.008,36.55603013582074
2.009,36.294326259144526
2.0100000000000002,36.034259825457596
2.011,35.77583856024207
2.012,35.51907337965973
2.013,35.26397751539156
2.0140000000000002,35.01056478551092
2.015,34.7588487104595
2.016,34.50884262460403
2.017,34.260560029712686
2.0180000000000002,34.01401490790213
2.019,33.76922145767464
2.02,33.52619391421653
2.021,33.284947338821745
2.0220000000000002,33.04549747345368
2.023,32.80785871235026
2.024,32.5720429293674
2.025,32.33806037397993
2.0260000000000002,32.10592085265456
2.027,31.875634917897735
2.028,31.64721446754631
2.029,31.420671299532415
2.0300000000000002,31.196016418145515
2.031,30.973262083544544
2.032,30.75242319616223
2.033,30.533515750274436
2.0340000000000003,30.316554588459695
2.035,30.101553287800137
2.036,29.8885247750701
2.037,29.677480912552607
2.0380000000000003,29.46843386540466
2.039,29.261399567972845
2.04,29.056399195004158
2.041,28.85345808570351
2.0420000000000003,28.652605279355285
2.043,28.45387363665172
2.044,28.257297812874235
2.045,28.06291171461689
2.0460000000000003,27.870748260981888
2.047,27.680839521314702
2.048,27.49321639222877
2.049,27.307909456833904
2.05,27.124949342044644
2.051,26.944365268184917
2.052,26.76618526353483
2.053,26.59043877996615
2.054,26.417156901452294
2.055,26.246369927185604
2.056,26.07810687452465
2.057,25.912396396864914
2.058,25.749267103768553
2.059,25.58874867583726
2.06,25.430873460379438
2.061,25.275676505981956
2.062,25.12319373479336
2.063,24.973459806124062
2.064,24.826507288155604
2.065,24.68236750534126
2.066,24.541072384967634
2.067,24.402655676164343
2.068,24.26715258862319
2.069,24.134598759024954
2.07,24.005028869404157
2.071,23.87847479568456
2.072,23.754965634527373
2.073,23.634530048858913
2.074,23.517196946823724
2.075,23.402993912154322
2.076,23.291947299184905
2.077,23.18408453936317
2.078,23.079435336691965
2.079,22.978031172515536
2.08,22.879905474312892
2.081,22.785093937678255
2.082,22.693633368624518
2.083,22.605559867483862
2.084,22.520907144615414
2.085,22.43970615507331
2.086,22.36198671969416
2.087,22.287778922128908
2.088,22.217113167819072
2.089,22.15002022544293
2.09,22.08653117465851
2.091,22.02667593117858
2.092,21.970480860263585
2.093,21.917967226622814
2.094,21.86915126408789
2.095,21.824045359434727
2.096,21.78265922940343
2.097,21.745000343762577
2.098,21.71107453082203
2.099,21.68088830289092
2.1,21.654451319800977
2.101,21.63177577256392
2.102,21.61287276493364
2.103,21.597748563242476
2.104,21.58640377257521
2.105,21.578836992582872
2.106,21.575049452468974
2.107,21.575044545364307
2.108,21.57882387967286
2.109,21.58638714394297
2.11,21.597735498826772
2.111,21.6128724260356
2.112,21.6318013180596
2.113,21.65452391432943
2.114,21.681042328805773
2.115,21.711362249510607
2.116,21.745492175733318
2.117,21.783439166164868
2.118,21.82520633613828
2.119,21.870794626181414
2.12,21.920206420792624
2.121,21.97344650539447
2.122,22.030519746531887
2.123,22.091428151851495
2.124,22.156169085518272
2.125,22.224735880753265
2.126,22.297119231857224
2.1270000000000002,22.373306891446653
2.128,22.453283813991682
2.129,22.537033884191743
2.13,22.62453969350942
2.1310000000000002,22.715779611040823
2.132,22.810726178128185
2.133,22.909348313605427
2.134,23.01161507483733
2.1350000000000002,23.117497573547766
2.136,23.226969564213697
2.137,23.340008080949794
2.138,23.45659185329029
2.1390000000000002,23.576697608656097
2.14,23.700299173955756
2.141,23.827370856624576
2.142,23.95789055676027
2.1430000000000002,24.091838655623782
2.144,24.229194755994612
2.145,24.369936817199694
2.146,24.514042513603357
2.1470000000000002,24.661489165248533
2.148,24.81225220769263
2.149,24.966305989420427
2.15,25.123626774368333
2.1510000000000002,25.284194039680735
2.152,25.44798992934667
2.153,25.614998714019592
2.154,25.7852052592211
2.1550000000000002,25.958591933839262
2.156,26.135136789491565
2.157,26.31481491506666
2.158,26.497600264551597
2.1590000000000003,26.68346523433421
2.16,26.872379733236155
2.161,27.06431288820672
2.162,27.259236870801786
2.1630000000000003,27.457128797773212
2.164,27.657969418446143
2.165,27.861742008829133
2.166,28.06843310656989
2.1670000000000003,28.278032796992328
2.168,28.490533178869743
2.169,28.705925812845244
2.17,28.924199245624724
2.1710000000000003,29.145337802817515
2.172,29.36932157322493
2.173,29.596126356541557
2.174,29.825723843070946
2.1750000000000003,30.058082516622566
2.176,30.29316875868665
2.177,30.530948702114628
2.178,30.771391216474655
2.179,31.01447000617625
2.18,31.260162453501326
2.181,31.508446198068064
2.182,31.759297068006962
2.183,32.012689017326544
2.184,32.2685937430054
2.185,32.526980105814786
2.186,32.78781581592265
2.187,33.051070900908215
2.188,33.316718859062405
2.189,33.58473470935252
2.19,33.8550938504932
2.191,34.127772213906084
2.192,34.40274531149687
2.193,34.6799875461445
2.194,34.95947266138802
2.195,35.241172879808715
2.196,35.52505739502667
2.197,35.8110935705442
2.198,36.099250347886425
2.199,36.38950005807384
2.2,36.68181679726898
2.201,36.97617303076714
2.202,37.272536747836305
2.203,37.57086973738007
2.204,37.871127364833086
2.205,38.173261360367576
2.206,38.47722475084353
2.207,38.78297455212258
2.208,39.0904697274742
2.209,39.39966760931205
2.21,39.71052440446935
2.211,40.022999330319564
2.212,40.337055412566315
2.213,40.652656021007175
2.214,40.969763778089956
2.215,41.28834289321894
2.216,41.60836007999387
2.217,41.929782970297595
2.218,42.25257858658033
2.219,42.57671315137867
2.22,42.90215293436198
2.221,43.22886608678507
2.222,43.556824140326064
2.223,43.88600093972381
2.224,44.21636996707895
2.225,44.54790178517896
2.226,44.880561636623156
2.227,45.21430895430178
2.228,45.5491004201382
2.229,45.884893738344104
2.23,46.221647987577796
2.231,46.55932184989234
2.232,46.897874118529
2.233,47.23726556986331
2.234,47.577459203731806
2.235,47.918419911341395
2.236,48.260114008812096
2.237,48.6025072130138
2.238,48.94556255710287
2.239,49.28924064750296
2.24,49.633500691448106
2.241,49.97829995703285
2.242,50.32359329779936
2.243,50.669334033879935
2.244,51.01547434700782
2.245,51.36196555742586
2.246,51.7087601624858
2.247,52.055813425260865
2.248,52.40308257175638
2.249,52.75052653274483
2.25,53.098107171341994
2.251,53.44578886832021
2.2520000000000002,53.793536866698815
2.253,54.14131720981629
2.254,54.48909746315351
2.255,54.836846044650116
2.2560000000000002,55.184530696827935
2.257,55.53211894216791
2.258,55.87958067393171
2.259,56.22688939425827
2.2600000000000002,56.574021148891084
2.261,56.92095251194641
2.262,57.267658239420456
2.263,57.614110232718325
2.2640000000000002,57.960279646421114
2.265,58.30614090039816
2.266,58.651673863061646
2.267,58.99686214081105
2.2680000000000002,59.34169007469269
2.269,59.686142462612835
2.27,60.030205798387314
2.271,60.37386747518736
2.2720000000000002,60.71711404030417
2.273,61.05993081336682
2.274,61.40230214869576
2.275,61.74421199948297
2.2760000000000002,62.0856457046322
2.277,62.42659182529532
2.278,62.76704187641862
2.279,63.1069873505095
2.2800000000000002,63.44641641322539
2.281,63.78531453131031
2.282,64.12366814948292
2.283,64.46146639320312
2.2840000000000003,64.7987010571618
2.285,65.13536776570405
2.286,65.47146636562002
2.287,65.80699827016252
2.2880000000000003,66.14196287164577
2.289,66.47635525545397
2.29,66.81016485883168
2.291,67.14337453398304
2.2920000000000003,67.4759605313802
2.293,67.80789387371252
2.294,68.13914235023216
2.295,68.46967133840305
2.2960000000000003,68.79944281878778
2.297,69.12841487726234
2.298,69.45654406310658
2.299,69.78378863995705
2.3000000000000003,70.11010967109357
2.301,70.43547123529626
2.302,70.75984100958712
2.303,71.08318872108958
2.3040000000000003,71.40548225822454
2.305,71.72668536293799
2.306,72.04675846795001
2.307,72.36565975295467
2.308,72.68334511547431
2.309,72.99976864521122
2.31,73.31488281621415
2.311,73.62863756559001
2.312,73.9409812737621
2.313,74.25186417884962
2.314,74.56123903340153
2.315,74.86905746484194
2.316,75.17526791201522
2.317,75.47981841606027
2.318,75.78266016689327
2.319,76.08374774924698
2.32,76.38303669893261
2.321,76.68048100620055
2.322,76.97603292540016
2.323,77.26964460627607
2.324,77.56126951010134
2.325,77.8508643509337
2.326,78.13839177241957
2.327,78.42382098928108
2.328,78.70712459235584
2.329,78.98827370736606
2.33,79.26723547452299
2.331,79.54397287756528
2.332,79.8184455858594
2.333,80.09061257764768
2.334,80.36043465369512
2.335,80.62787516149464
2.336,80.89290138502899
2.337,81.15548674866307
2.338,81.41561147164076
2.339,81.67326239676575
2.34,81.92843280293721
2.341,82.1811201187061
2.342,82.4313224934526
2.343,82.6790385243184
2.344,82.92426930403062
2.345,83.16701895053163
2.346,83.40729441477775
2.347,83.6451062437844
2.348,83.88046920319306
2.349,84.1134016098046
2.35,84.34392278861955
2.351,84.57205025627525
2.352,84.79779936142027
2.353,85.02118444940146
2.354,85.24221974774403
2.355,85.46092013910456
2.356,85.67730155851132
2.357,85.89138056995495
2.358,86.10317384642465
2.359,86.31269753291954
2.36,86.51996496542502
2.361,86.72498411223904
2.362,86.92775759793214
2.363,87.12828387549607
2.364,87.32655690649064
2.365,87.52256497465702
2.366,87.71629041325562
2.367,87.90771041205984
2.368,88.09679821654444
2.369,88.28352457972747
2.37,88.46785952631146
2.371,88.64977490684285
2.372,88.82924668173119
2.373,89.00625404515472
2.374,89.18077712285368
2.375,89.35279729775021
2.376,89.52229935862218
2.3770000000000002,89.68927264684689
2.378,89.85371048035876
2.379,90.0156094675871
2.38,90.1749689836187
2.3810000000000002,90.33178999520186
2.382,90.48607477010681
2.383,90.63782665724207
2.384,90.7870479121491
2.3850000000000002,90.93373704900293
2.386,91.07788751574671
2.387,91.2194893819493
2.388,91.35853380438519
2.3890000000000002,91.49501625436775
2.39,91.62893598735093
2.391,91.76029350168045
2.392,91.88908994852139
2.3930000000000002,92.01532917117248
2.394,92.13901801122292
2.395,92.26016336573994
2.396,92.37876940874783
2.3970000000000002,92.49483702974129
2.398,92.60836438547565
2.399,92.71934718673592
2.4,92.82777967013303
2.4010000000000002,92.93365739746912
2.402,93.0369802802473
2.403,93.13775332017016
2.404,93.23598468960483
2.4050000000000002,93.33168404197198
2.406,93.42486330617571
2.407,93.51553743404001
2.408,93.6037223071163
2.4090000000000003,93.6894317507691
2.41,93.77267601798604
2.411,93.85346164920884
2.412,93.9317928442176
2.4130000000000003,94.00767337511459
2.414,94.0811074130746
2.415,94.15209912822334
2.416,94.22065110016776
2.4170000000000003,94.28676263206367
2.418,94.35042945071095
2.419,94.41164434753117
2.42,94.4703974071355
2.4210000000000003,94.52667583661346
2.422,94.58046426609289
2.423,94.63174535064546
2.424,94.68050023756977
2.4250000000000003,94.72670883556218
2.426,94.77035082619126
2.427,94.81140722974366
2.428,94.84985931809723
2.4290000000000003,94.88568496424527
2.43,94.91885691830453
2.431,94.94934515162325
2.432,94.9771206433729
2.433,95.00215611918476
2.434,95.02442364888992
2.435,95.04389310445046
2.436,95.06053250515276
2.437,95.07430888634839
2.438,95.08518984843383
2.439,95.0931460060699
2.44,95.09815258894024
2.441,95.10018786061664
2.442,95.09922950433605
2.443,95.09525338575325
2.444,95.08823580128654
2.445,95.07815606985797
2.446,95.06499702526303
2.447,95.04874292955446
2.448,95.02937641014401
2.449,95.0068771784533
2.45,94.98122298082389
2.451,94.95239077844481
2.452,94.92035784252715
2.453,94.8851037818106
2.454,94.84661150485033
2.455,94.80486679521954
2.456,94.75985928542718
2.457,94.71158265529013
2.458,94.66003197601441
2.459,94.60520253163881
2.46,94.54709195139455
2.461,94.48570177324001
2.462,94.4210358135951
2.463,94.35309765501398
2.464,94.2818909781529
2.465,94.2074216713208
2.466,94.12969854615332
2.467,94.04873232437924
2.468,93.96453343296844
2.469,93.87711029640849
2.47,93.78646940228019
2.471,93.69261557810569
2.472,93.59555260353417
2.473,93.49528437725986
2.474,93.39181476177933
2.475,93.28514710748763
2.476,93.17528494318157
2.477,93.06223320011645
2.478,92.9459996716692
2.479,92.82659582898302
2.48,92.70403581533671
2.481,92.57833453660923
2.482,92.44950615721976
2.483,92.31756219889336
2.484,92.18250938797432
2.485,92.04434954326905
2.486,91.90308142089651
2.487,91.75870205035973
2.488,91.61120716797015
2.489,91.46059154243946
2.49,91.30684882708348
2.491,91.1499714239261
2.492,90.98995135270351
2.493,90.82678086954583
2.494,90.66045151094804
2.495,90.49095323735652
2.496,90.3182756547003
2.497,90.14241055531453
2.498,89.96335288575482
2.499,89.78109953631241
2.5,89.59564949998344
2.501,89.40700574840685
2.5020000000000002,89.21517493310492
2.503,89.02016522973855
2.504,88.82198535263896
2.505,88.62064491907017
2.5060000000000002,88.41615475800143
2.507,88.20852634703141
2.508,87.99777224313075
2.509,87.78390868649836
2.5100000000000002,87.56695736384184
2.511,87.34694452147902
2.512,87.12389909553397
2.513,86.8978521738934
2.5140000000000002,86.6688376375136
2.515,86.43689117089366
2.516,86.20204790344738
2.517,85.96434131777842
2.5180000000000002,85.72380304956843
2.519,85.4804622797144
2.52,85.23434468263498
2.521,84.98547219934107
2.5220000000000002,84.73386571469939
2.523,84.4795490414059
2.524,84.22255036592244
2.525,83.96290233533108
2.5260000000000002,83.70064316374658
2.527,83.43581649782195
2.528,83.16846894955546
2.529,82.89864805836115
2.5300000000000002,82.62640299755158
2.531,82.35178655894987
2.532,82.07485431130753
2.533,81.79566093298476
2.5340000000000003,81.51425715008432
2.535,81.23068888472861
2.536,80.94499967057652
2.537,80.65723457031669
2.5380000000000003,80.36744106611025
2.539,80.07566763814978
2.54,79.78196361322924
2.541,79.48637959779073
2.5420000000000003,79.18896660493508
2.543,78.8897743871974
2.544,78.5888498192943
2.545,78.28623607914406
2.5460000000000003,77.98197503343783
2.547,77.67611243087592
2.548,77.36870059127406
2.549,77.05979656292044
2.5500000000000003,76.74945879845609
2.551,76.43774431006317
2.552,76.12470745316995
2.553,75.81040142307776
2.5540000000000003,75.494879704011
2.555,75.17819441718804
2.556,74.86039367719806
2.557,74.54152075287539
2.5580000000000003,74.22161501887447
2.559,73.9007142482134
2.56,73.57885630758351
2.561,73.25607838451812
2.562,72.93241625972382
2.563,72.60790475140506
2.564,72.2825776755994
2.565,71.95646881391471
2.566,71.62961388926026
2.567,71.30205091236692
2.568,70.9738197731847
2.569,70.64496288435168
2.57,70.31552585670687
2.571,69.9855567875445
2.572,69.6551051393941
2.573,69.32422151195232
2.574,68.9929565391071
2.575,68.6613581720754
2.576,68.3294700011972
2.577,67.99733079260827
2.578,67.66497384710364
2.579,67.33242774564735
2.58,66.99971951802203
2.581,66.66687834039499
2.582,66.33393724215276
2.583,66.0009319741878
2.584,65.66789945851242
2.585,65.33487768721369
2.586,65.00190518623086
2.587,64.66902044345429
2.588,64.33626331801864
2.589,64.0036748877776
2.59,63.67129369703407
2.591,63.33915304915929
2.592,63.00728125974458
2.593,62.67570239176969
2.594,62.344436475790445
2.595,62.01350049548711
2.596,61.68291100750851
2.597,61.35268595899393
2.598,61.022843706119076
2.599,60.69340245982797
2.6,60.36438197232359
2.601,60.03580342805496
2.602,59.70768711987143
2.603,59.38005227381155
2.604,59.052917836045026
2.605,58.72630090992887
2.606,58.40021492855069
2.607,58.074670088499374
2.608,57.749675968445516
2.609,57.4252448806769
2.61,57.10139361924624
2.611,56.778142726115725
2.612,56.45551388716686
2.613,56.13352785686619
2.614,55.81220519400811
2.615,55.491568114165815
2.616,55.17164128561027
2.617,54.85245084484936
2.618,54.53402227897254
2.619,54.21637949498303
2.62,53.89954432278486
2.621,53.58353466547909
2.622,53.26836361938153
2.623,52.954041976258985
2.624,52.64058259758355
2.625,52.328003326758
2.626,52.01632736662789
2.6270000000000002,51.7055815031644
2.628,51.39579214859236
2.629,51.08698147430842
2.63,50.779166845061084
2.6310000000000002,50.47236357402623
2.632,50.166588230004066
2.633,49.86185995189919
2.634,49.55819936593483
2.6350000000000002,49.25562653287224
2.636,48.954160391835124
2.637,48.65382044150331
2.638,48.35462828062871
2.6390000000000002,48.05660670446479
2.64,47.759776915433946
2.641,47.46415641710918
2.642,47.16975830257978
2.6430000000000002,46.876591266713355
2.644,46.58466092799447
2.645,46.29397204529681
2.646,46.004530174771105
2.6470000000000002,45.71634256475078
2.648,45.42941858034552
2.649,45.14376973653571
2.65,44.859409648463426
2.6510000000000002,44.57635410125604
2.652,44.29461988655931
2.653,44.014221093775646
2.654,43.73516600220711
2.6550000000000002,43.45745888524212
2.656,43.18110436852456
2.657,42.90610881497493
2.658,42.63247904344246
2.6590000000000003,42.36022156822031
2.66,42.08934214667152
2.661,41.819845568615364
2.662,41.55173746992014
2.6630000000000003,41.285027013559784
2.664,41.01972754117237
2.665,40.75585505835049
2.666,40.493425894349
2.6670000000000003,40.23245522620154
2.668,39.972958151552824
2.669,39.71495133678958
2.67,39.458452095784395
2.6710000000000003,39.20347677152884
2.672,38.95004133286551
2.673,38.69816276537907
2.674,38.44785921260749
2.6750000000000003,38.19914925716431
2.676,37.95205027823495
2.677,37.70657585321811
2.678,37.46273511620093
2.6790000000000003,37.22053519947641
2.68,36.979983311260995
2.681,36.7410866480862
2.682,36.50385186711944
2.6830000000000003,36.268285154601244
2.684,36.03439297515837
2.685,35.80218399914745
2.686,35.57167138386146
2.6870000000000003,35.34287291383444
2.688,35.115807601561144
2.689,34.89049170674585
2.69,34.6669393156405
2.691,34.445166189696856
2.692,34.22519083738056
2.693,34.00703315311985
2.694,33.790714392363256
2.695,33.57625747611431
2.696,33.36368514059515
2.697,33.15301684541676
2.698,32.944267429435406
2.699,32.737447904579824
2.7,32.532567110058466
2.701,32.32963383695167
2.702,32.12865874370158
2.703,31.929655359327043
2.704,31.73263909649794
2.705,31.537625677896738
2.706,31.34463228682243
2.707,31.15367943967178
2.708,30.964789954436398
2.709,30.777986617412314
2.71,30.593292383293118
2.711,30.41073314065598
2.712,30.230338657160647
2.713,30.052140097976313
2.714,29.876167203289704
2.715,29.70244730414894
2.716,29.531006724638722
2.717,29.361872701490626
2.718,29.195072478043723
2.719,29.030631824433534
2.72,28.868576339520516
2.721,28.70893261083352
2.722,28.55172840297366
2.723,28.396994891513977
2.724,28.244768589737554
2.725,28.09508907079457
2.726,27.9479950136608
2.727,27.80352199682791
2.728,27.661701155684916
2.729,27.522558332567776
2.73,27.386114428552403
2.731,27.25238609016366
2.732,27.121386520169843
2.733,26.993126528784735
2.734,26.867615253237993
2.735,26.744860555928042
2.736,26.624868616073158
2.737,26.50764244308416
2.738,26.393180884100097
2.739,26.281478912334272
2.74,26.17252794249675
2.741,26.066316093805575
2.742,25.962829957129436
2.743,25.86205721208725
2.744,25.763987797961178
2.745,25.668613630435324
2.746,25.575928584555037
2.747,25.485928892472018
2.748,25.39861253907832
2.749,25.3139774297424
2.75,25.232018836981965
2.751,25.152727122514122
2.7520000000000002,25.07608813215407
2.753,25.002085572855748
2.754,24.930701837719276
2.755,24.861917896870864
2.7560000000000002,24.795714748880272
2.757,24.73207594703033
2.758,24.670989830155357
2.759,24.61245030958888
2.7600000000000002,24.556455701874
2.761,24.503006956720775
2.762,24.452106785209267
2.763,24.403759141481018
2.7640000000000002,24.35796852682158
2.765,24.314739937673203
2.766,24.274078561647123
2.767,24.235988940717917
2.7680000000000002,24.20047547434394
2.769,24.167542511662624
2.77,24.137192147213284
2.771,24.109422980505606
2.7720000000000002,24.0842323108904
2.773,24.061619324273387
2.774,24.04158496264077
2.775,24.02412918120254
2.7760000000000002,24.009251273820112
2.777,23.996953882282668
2.778,23.98724598131325
2.779,23.980143301529026
2.7800000000000002,23.9756666912241
2.781,23.973838305909275
2.782,23.974678003010204
2.783,23.978201527128462
2.7840000000000003,23.984419410506668
2.785,23.993337821877923
2.786,24.004961744155793
2.787,24.019296967820928
2.7880000000000003,24.036349308115987
2.789,24.056122970668994
2.79,24.078619318951418
2.791,24.103836182479775
2.7920000000000003,24.131768670398102
2.793,24.16241134653056
2.794,24.195760836324425
2.795,24.231818067295443
2.7960000000000003,24.270587403892833
2.797,24.312072970245694
2.798,24.356276679141118
2.799,24.40319961083447
2.8000000000000003,24.452845462633427
2.801,24.50522338261748
2.802,24.560347105696742
2.803,24.618231409698268
2.8040000000000003,24.678889647041863
2.805,24.74233353780678
2.806,24.80857363285797
2.807,24.877620066670673
2.8080000000000003,24.949484221983646
2.809,25.024179517601958
2.81,25.101720543827895
2.811,25.18212209963876
2.8120000000000003,25.265398737329484
2.813,25.351564880586352
2.814,25.440634769633803
2.815,25.532622609246253
2.816,25.627544567092066
2.817,25.72542069289105
2.818,25.826274749237896
2.819,25.930134052012036
2.82,26.037029849308624
2.821,26.146995775394387
2.822,26.260064799314655
2.823,26.376268070729722
2.824,26.495636160421235
2.825,26.61820064670696
2.826,26.743995800862365
2.827,26.873059136816572
2.828,27.005428504452958
2.829,27.141137966290657
2.83,27.280216072511468
2.831,27.422685843438746
2.832,27.568564863822218
2.833,27.717865523939242
2.834,27.870594948924982
2.835,28.026755434224466
2.836,28.186347567717007
2.837,28.349374067046757
2.838,28.515839506776285
2.839,28.685746598581087
2.84,28.859094738820726
2.841,29.03588183518737
2.842,29.2161043793896
2.843,29.39975436900314
2.844,29.586817445711706
2.845,29.777274006682866
2.846,29.971100732205567
2.847,30.168271366970806
2.848,30.368756916650742
2.849,30.572524746182168
2.85,30.779538340062107
2.851,30.989759379363772
2.852,31.203149298715392
2.853,31.41966938623566
2.854,31.63928166289758
2.855,31.86194912121304
2.856,32.08763453044753
2.857,32.316300034592714
2.858,32.54790708853679
2.859,32.782415473929134
2.86,33.01978230813805
2.861,33.259962319907935
2.862,33.50290957026035
2.863,33.74857953066413
2.864,33.99693021263115
2.865,34.2479223096899
2.866,34.50151966768017
2.867,34.75768989633961
2.868,35.016402588767875
2.869,35.277625683164054
2.87,35.541323996920454
2.871,35.807459856252365
2.872,36.07599261308005
2.873,36.346877250483864
2.874,36.620064283511624
2.875,36.895501695875026
2.876,37.173137925684465
2.8770000000000002,37.45292426458484
2.878,37.73481524458934
2.879,38.01876737205478
2.88,38.30473785656126
2.8810000000000002,38.59268301940824
2.882,38.88255640436301
2.883,39.174307826220385
2.884,39.467883156941724
2.8850000000000002,39.7632255755787
2.886,40.060278703468455
2.887,40.35898885657423
2.888,40.65930483763957
2.8890000000000002,40.96117771392478
2.89,41.264562525485545
2.891,41.5694199197432
2.892,41.87571512860063
2.8930000000000002,42.18341553360055
2.894,42.49249000075075
2.895,42.802909412816604
2.896,43.11464640004456
2.8970000000000002,43.427675245742684
2.898,43.741971730634546
2.899,44.057512024629546
2.9,44.37427236927749
2.9010000000000002,44.69222930597928
2.902,45.01135909630605
2.903,45.331638359115104
2.904,45.65304596488512
2.9050000000000002,45.97556319601098
2.906,46.2991735359028
2.907,46.62386411327497
2.908,46.94962578709291
2.9090000000000003,47.276450362303876
2.91,47.60432839674188
2.911,47.93325009583915
2.912,48.26320651610281
2.9130000000000003,48.5941875718908
2.914,48.926178761895244
2.915,49.25916022769654
2.916,49.59310843372896
2.9170000000000003,49.92799903533527
2.918,50.2638088925821
2.919,50.600516150992924
2.92,50.93809971891218
2.9210000000000003,51.27653910493116
2.922,51.61581386823157
2.923,51.9559022453377
2.924,52.2967798549693
2.9250000000000003,52.63841984343282
2.926,52.98079483132527
2.927,53.32387798578266
2.928,53.66764151476126
2.9290000000000003,54.01205614069998
2.93,54.357092524542125
2.931,54.70272152277828
2.932,55.04891467579391
2.9330000000000003,55.395646824929166
2.934,55.7428976005363
2.935,56.090650719937244
2.936,56.43889310921463
2.9370000000000003,56.78761274967995
2.938,57.136794751253575
2.939,57.486418354850144
2.94,57.83645598817776
2.9410000000000003,58.186873758959536
2.942,58.537632845137885
2.943,58.88869107354154
2.944,59.240004707290666
2.945,59.59152998630155
2.946,59.943223227715876
2.947,60.29504017098781
2.948,60.64693600458497
2.949,60.9988659762558
2.95,61.3507855262657
2.951,61.702649647787695
2.952,62.05441300188666
2.953,62.40603159883663
2.954,62.7574639160251
2.955,63.10867063377613
2.956,63.45961435287189
2.957,63.81025882443641
2.958,64.16056779138623
2.959,64.51050524510813
2.96,64.86003639873402
2.961,65.20912775359443
2.962,65.55774739460023
2.963,65.90586599985448
2.964,66.25345588325136
2.965,66.60048786111832
2.966,66.94693016100352
2.967,67.29275003068246
2.968,67.63791425940201
2.969,67.98238861606978
2.97,68.32613867706104
2.971,68.66913079650962
2.972,69.01133151450725
2.973,69.35270703275998
2.974,69.69322384656974
2.975,70.0328502608924
2.976,70.37155843575906
2.977,70.70932429440742
2.978,71.04612472349075
2.979,71.3819357630498
2.98,71.71673178441705
2.981,72.05048375512916
2.982,72.38315961514462
2.983,72.7147280380322
2.984,73.04516126903538
2.985,73.37443545288235
2.986,73.70253102726628
2.987,74.02943313624614
2.988,74.35512895514708
2.989,74.67960235612611
2.99,75.00283090445328
2.991,75.32478784441267
2.992,75.64544660315129
2.993,75.96478341540573
2.994,76.28277684174309
2.995,76.59940746928163
2.996,76.91465902946948
2.997,77.22851823617663
2.998,77.54097222506739
2.999,77.8520053668604
3.0,78.16159719359933
3.001,78.46972128777861
3.0020000000000002,78.7763452758096
3.003,79.08143333815958
3.004,79.38494958579798
3.005,79.68685820779231
3.0060000000000002,79.98712089578048
3.007,80.28569559748723
3.008,80.58253794491445
3.009,80.87760486702444
3.0100000000000002,81.17085855457215
3.011,81.46226734654857
3.012,81.75180389711974
3.013,82.03944354258644
3.0140000000000002,82.32516225764556
3.015,82.60893385099999
3.016,82.89072925416856
3.017,83.17051799773053
3.0180000000000002,83.44826882381321
3.019,83.72394877789588
3.02,83.99752277281928
3.021,84.2689547549443
3.0220000000000002,84.53820975331581
3.023,84.80525548864387
3.024,85.07006203491457
3.025,85.33259968710263
3.0260000000000002,85.59283727327976
3.027,85.8507413916644
3.028,86.10627534868848
3.029,86.35939791741791
3.0300000000000002,86.61006334362139
3.031,86.8582232770047
3.032,87.10382806414803
3.033,87.34682563704297
3.0340000000000003,87.5871618032049
3.035,87.82478275184727
3.036,88.05963450586066
3.037,88.29165998403838
3.0380000000000003,88.52080015790253
3.039,88.746998352193
3.04,88.97020136243506
3.041,89.19035874831229
3.0420000000000003,89.40742445295655
3.043,89.62135744177388
3.044,89.83211878863031
3.045,90.0396696654609
3.0460000000000003,90.24397306400991
3.047,90.44499629581415
3.048,90.64271132978976
3.049,90.83709315666852
3.0500000000000003,91.02811851584903
3.051,91.2157663599757
3.052,91.40001791935893
3.053,91.58085552936004
3.0540000000000003,91.75826293222299
3.055,91.93222756316933
3.056,92.10274167726135
3.057,92.26980049991819
3.0580000000000003,92.43339987421041
3.059,92.59353560596948
3.06,92.75020403094112
3.061,92.90340320640561
3.0620000000000003,93.05313298050423
3.063,93.1993942459685
3.064,93.34219040499727
3.065,93.48152878697435
3.0660000000000003,93.61741773948785
3.067,93.74986160855946
3.068,93.87885847205125
3.069,94.00440149560805
3.0700000000000003,94.12648109176641
3.071,94.24508568341028
3.072,94.36020212116739
3.073,94.47181731276225
3.074,94.5799204978182
3.075,94.68450407523815
3.076,94.7855619643143
3.077,94.88308874369469
3.078,94.97708203883505
3.079,95.06754467479095
3.08,95.1544840827264
3.081,95.23791093906817
3.082,95.31783830807339
3.083,95.39428082248327
3.084,95.46725343722758
3.085,95.53677068198863
3.086,95.60284819363645
3.087,95.66550474927828
3.088,95.72476127563407
3.089,95.78063797025382
3.09,95.83315331385762
3.091,95.88232534668595
3.092,95.92817317145884
3.093,95.97071812273572
3.094,96.00998514980978
3.095,96.04600367052677
3.096,96.07880571325131
3.097,96.1084227958912
3.098,96.13488612678245
3.099,96.15822903315885
3.1,96.17848664200253
3.101,96.19569218759392
3.102,96.20987366734417
3.103,96.22105451704002
3.104,96.22925684540598
3.105,96.23450244468222
3.106,96.23681230489998
3.107,96.23620784444157
3.108,96.23271150200229
3.109,96.22634548654399
3.11,96.21713217793848
3.111,96.20509568534584
3.112,96.19026104472374
3.113,96.17265174277696
3.114,96.15228865423582
3.115,96.12919127443575
3.116,96.10337973478522
3.117,96.07487590860785
3.118,96.04370288993158
3.119,96.00988335863846
3.12,95.97343906221622
3.121,95.93439208386178
3.122,95.89276474014935
3.123,95.8485775919018
3.124,95.80184876041835
3.125,95.75259437737287
3.126,95.70082828006264
3.1270000000000002,95.64656182281148
3.128,95.58980496012117
3.129,95.5305669084043
3.13,95.46885463101148
3.1310000000000002,95.40467118874255
3.132,95.33801619061072
3.133,95.26888776745031
3.134,95.19728457270926
3.1350000000000002,95.12320637161555
3.136,95.04665302987213
3.137,94.96762325312321
3.138,94.88611422620751
3.1390000000000002,94.8021222207872
3.14,94.71564348014596
3.141,94.62667425868672
3.142,94.53520943556552
3.1430000000000002,94.44124152464074
3.144,94.3447622363148
3.145,94.24576420490371
3.146,94.14423937474731
3.1470000000000002,94.04017650679916
3.148,93.93356225598819
3.149,93.82438429107529
3.15,93.71263188947842
3.1510000000000002,93.59829416071176
3.152,93.48135849343662
3.153,93.36180902056395
3.154,93.23962537395883
3.1550000000000002,93.11478378368308
3.156,92.98726043031567
3.157,92.85703467187219
3.158,92.72409008107024
3.1590000000000003,92.58841313216251
3.16,92.44999118283634
3.161,92.30881144268878
3.162,92.16486051473278
3.1630000000000003,92.01812354159196
3.164,91.86858411691902
3.165,91.71622543858865
3.166,91.56103146773992
3.1670000000000003,91.40298749057459
3.168,91.24207999912743
3.169,91.07829739336027
3.17,90.9116325719561
3.1710000000000003,90.74208459532802
3.172,90.56965754603493
3.173,90.39435827685772
3.174,90.21619481436443
3.1750000000000003,90.03517564436669
3.176,89.85130812433884
3.177,89.66459579796623
3.178,89.4750378914935
3.1790000000000003,89.28263126385852
3.18,89.08737077303203
3.181,88.88924814101057
3.182,88.68825352173127
3.1830000000000003,88.48437877684553
3.184,88.27761863614714
3.185,88.06797061322337
3.186,87.85543557732291
3.1870000000000003,87.64001802938273
3.188,87.42172505339178
3.189,87.20056571747534
3.19,86.97655176934126
3.1910000000000003,86.74969683796668
3.192,86.52001449017862
3.193,86.28751824463711
3.194,86.052222809305
3.1950000000000003,85.81414461442168
3.196,85.57330207896018
3.197,85.32971664576411
3.198,85.0834139640778
3.1990000000000003,84.83442431464316
3.2,84.58278299868718
3.201,84.32853017160781
3.202,84.07170827770388
3.203,83.81235873708442
3.204,83.55052164276768
3.205,83.28623873320106
3.206,83.01955640464212
3.207,82.75052645847569
3.208,82.47920510335325
3.209,82.20565087774366
3.21,81.92992238209665
3.211,81.65207841786935
3.212,81.37218000465558
3.213,81.0902903533497
3.214,80.80647283817916
3.215,80.52078923603352
3.216,80.2332979400932
3.217,79.94405298371349
3.218,79.65310534898956
3.219,79.36050462156358
3.22,79.0662991063324
3.221,78.77053540777086
3.222,78.4732584468585
3.223,78.1745115355221
3.224,77.87433660702305
3.225,77.57277525480936
3.226,77.2698691008855
3.227,76.96565810027138
3.228,76.66017906220029
3.229,76.35346547264393
3.23,76.04554691526286
3.231,75.73644816832638
3.232,75.42618972711578
3.233,75.11479055028751
3.234,74.80227087041845
3.235,74.48865290520294
3.236,74.17396095886147
3.237,73.85822157942663
3.238,73.5414620453231
3.239,73.22370818981302
3.24,72.90498465265323
3.241,72.58531688561956
3.242,72.26473144906444
3.243,71.94325439405823
3.244,71.62090964342468
3.245,71.29771858173629
3.246,70.97370244077581
3.247,70.64888540235698
3.248,70.32329401062408
3.249,69.99695489534511
3.25,69.66989375728215
3.251,69.3421335003304
3.2520000000000002,69.01369214189747
3.253,68.68458438080663
3.254,68.35482599765257
3.255,68.02443678339414
3.2560000000000002,67.6934411614047
3.257,67.36186776201666
3.258,67.02974783029141
3.259,66.69711336813589
3.2600000000000002,66.36399603687556
3.261,66.03042620261513
3.262,65.69643287656339
3.263,65.36204585449102
3.2640000000000002,65.02729829209335
3.265,64.69222722599221
3.266,64.35687233426441
3.267,64.02127449751141
3.2680000000000002,63.685474276982376
3.269,63.34951044013455
3.27,63.013419701729134
3.271,62.677236671844874
3.2720000000000002,62.34099329747256
3.273,62.004719641278854
3.274,61.66844460594805
3.275,61.332193867903776
3.2760000000000002,60.99598772625548
3.277,60.65984326632728
3.278,60.323779760917205
3.279,59.98782207229542
3.2800000000000002,59.6519993460758
3.281,59.31634051613842
3.282,58.980869721405526
3.283,58.64560508485461
3.2840000000000003,58.310562155382385
3.285,57.975758207804624
3.286,57.64121259339595
3.287,57.30694421374865
3.2880000000000003,56.97297089406668
3.289,56.639311339925214
3.29,56.30598612393505
3.291,55.97301667294756
3.2920000000000003,55.64042430760293
3.293,55.308230209662504
3.294,54.976455942373775
3.295,54.645124136690484
3.2960000000000003,54.314259820846935
3.297,53.98389251162111
3.298,53.65405681741639
3.299,53.32479103977828
3.3000000000000003,52.996135657140556
3.301,52.66813121776222
3.302,52.34081567759641
3.303,52.01422348116292
3.3040000000000003,51.688386228071295
3.305,51.36333332827458
3.306,51.03909261070609
3.307,50.71569092268897
3.3080000000000003,50.393155541574856
3.309,50.071517341016396
3.31,49.75081260289733
3.311,49.43108070080427
3.3120000000000003,49.1123603726183
3.313,48.79468763800988
3.314,48.47809535700037
3.315,48.16261390287056
3.3160000000000003,47.84827332385669
3.317,47.535106237559006
3.318,47.22314895163099
3.319,46.912440421971205
3.3200000000000003,46.60302029251841
3.321,46.29492576835054
3.322,45.988188377298414
3.323,45.68283305700794
3.3240000000000003,45.37887894692279
3.325,45.076340277079574
3.326,44.77522796430593
3.327,44.475552190337496
3.3280000000000003,44.17732551792322
3.329,43.88056529990547
3.33,43.58529316341463
3.331,43.29153338534923
3.332,42.99931272730552
3.333,42.70865856451647
3.334,42.41959507127334
3.335,42.132142571105035
3.336,41.84631959096064
3.337,41.56214466324286
3.338,41.27963868126752
3.339,40.99882636544953
3.34,40.71973366529735
3.341,40.44238276959206
3.342,40.166789403742484
3.343,39.8929642016401
3.344,39.620916458117165
3.345,39.35065703281266
3.346,39.082197297907896
3.347,38.81554497275184
3.348,38.550701311468046
3.349,38.287662009930045
3.35,38.02642035298527
3.351,37.76697022041739
3.352,37.509307346329635
3.353,37.25342956503333
3.354,36.99933805699242
3.355,36.74703783260824
3.356,36.49653512673591
3.357,36.247834411152695
3.358,36.00093830459447
3.359,35.755850051073075
3.36,35.51257529528907
3.361,35.271120841537396
3.362,35.03149295753299
3.363,34.793696945669616
3.364,34.557735880527446
3.365,34.323609480494284
3.366,34.09131583020108
3.367,33.860853955128945
3.368,33.63222412757507
3.369,33.405427324255
3.37,33.18046603675262
3.371,32.95734581670182
3.372,32.736076548730324
3.373,32.516672971241334
3.374,32.29915401206328
3.375,32.08354106752388
3.376,31.869856865776498
3.3770000000000002,31.658125729922954
3.378,31.44837262578762
3.379,31.24062036218643
3.38,31.034888368239784
3.3810000000000002,30.83119465350314
3.382,30.629559158509938
3.383,30.430005128891807
3.384,30.232557222661402
3.3850000000000002,30.037239051821246
3.386,29.844072212756977
3.387,29.653077018052166
3.388,29.4642748525772
3.3890000000000002,29.277689798324538
3.39,29.093346991966513
3.391,28.91126928533394
3.392,28.73147579631756
3.3930000000000002,28.55398370591159
3.394,28.378810814848357
3.395,28.20597533153112
3.396,28.03549434921179
3.3970000000000002,27.867384969476042
3.398,27.70166632329923
3.399,27.538358634602105
3.4,27.377481784956046
3.4010000000000002,27.21905647226052
3.402,27.06310514938307
3.403,26.909651492922805
3.404,26.758719792607884
3.4050000000000002,26.610333209797048
3.406,26.464512031725896
3.407,26.32127516209742
3.408,26.180643184723472
3.4090000000000003,26.042639399831046
3.41,25.907289790609504
3.411,25.77462280977857
3.412,25.64466755384293
3.4130000000000003,25.517452807716587
3.414,25.393008582287408
3.415,25.27136600629717
3.416,25.15255469591355
3.4170000000000003,25.03660130427191
3.418,24.923529663464336
3.419,24.81336080740175
3.42,24.70611415951239
3.4210000000000003,24.601810470779782
3.422,24.500473603615383
3.423,24.40213073788413
3.424,24.306811866691405
3.4250000000000003,24.214547614091188
3.426,24.12536761925339
3.427,24.039301803334006
3.428,23.956381991961905
3.4290000000000003,23.876641611544954
3.43,23.800113930274257
3.431,23.726830345444846
3.432,23.656819858137993
3.4330000000000003,23.59010955281319
3.434,23.526724957370277
3.435,23.46668930316536
3.436,23.410022386976785
3.4370000000000003,23.3567401161121
3.438,23.306854730157525
3.439,23.26037602500798
3.44,23.217312687809702
3.4410000000000003,23.17767218255534
3.442,23.14146100772203
3.443,23.108686967605053
3.444,23.079361425728266
3.4450000000000003,23.053499099472212
3.446,23.031115471222726
3.447,23.01222493544561
3.448,22.996841367530493
3.4490000000000003,22.984978648216256
3.45,22.976648993138745
3.451,22.971860878989958
3.452,22.97061987719176
3.4530000000000003,22.97293088600229
3.454,22.97879771269634
3.455,22.988221506111337
3.456,23.001201898344775
3.457,23.017739625944614
3.458,23.037837515685105
3.459,23.061500852788704
3.46,23.08873805993771
3.461,23.119560226794725
3.462,23.15398008091092
3.463,23.192010993948713
3.464,23.233665732799714
3.465,23.278956204481453
3.466,23.327894333416182
3.467,23.380492000824397
3.468,23.43675970400419
3.469,23.496706226664223
3.47,23.560339032365853
3.471,23.627663986471546
3.472,23.69868575895967
3.473,23.773408532116754
3.474,23.851835957825536
3.475,23.93397125973695
3.476,24.01981789091589
3.477,24.109381127408902
3.478,24.202669101718193
3.479,24.299690248509414
3.48,24.400449001192463
3.481,24.504944197524416
3.482,24.613169604581095
3.483,24.72511437325867
3.484,24.840765083823655
3.485,24.960109088759907
3.486,25.083135592732916
3.487,25.209835418194253
3.488,25.340201893024364
3.489,25.47423003803611
3.49,25.611912508266258
3.491,25.753235899624386
3.492,25.89817991071967
3.493,26.0467190622091
3.494,26.19882508191646
3.495,26.354467625474314
3.496,26.51361399960011
3.497,26.676229867287468
3.498,26.84228034303245
3.499,27.01173039873712
3.5,27.184544890536895
3.501,27.360688074924287
3.5020000000000002,27.54012182539985
3.503,27.722803031357003
3.504,27.908682297955874
3.505,28.09770540249435
3.5060000000000002,28.289817085772594
3.507,28.484964817272147
3.508,28.683099518277185
3.509,28.884173093498692
3.5100000000000002,29.088135914466037
3.511,29.294936809957683
3.512,29.504524168819373
3.513,29.716845938120084
3.5140000000000002,29.93184922381809
3.515,30.149481306544093
3.516,30.369691972814266
3.517,30.592433881112143
3.5180000000000002,30.81766030493995
3.519,31.04532451367725
3.52,31.275381075701894
3.521,31.507785111985243
3.5220000000000002,31.74249068867302
3.523,31.979451918181656
3.524,32.21862441372765
3.525,32.459964746920164
3.5260000000000002,32.703429449659325
3.527,32.94897441223746
3.528,33.19655579780958
3.529,33.446132634298635
3.5300000000000002,33.697668792046066
3.531,33.95113268212182
3.532,34.206494609108304
3.533,34.46372360387301
3.5340000000000003,34.72278565417824
3.535,34.98364330883554
3.536,35.24625669693492
3.537,35.510585514050405
3.5380000000000003,35.776589977965585
3.539,36.04423149555025
3.54,36.31347501409235
3.541,36.58429096263464
3.5420000000000003,36.85665458139711
3.543,37.13054415403302
3.544,37.40594030743296
3.545,37.68282653307088
3.5460000000000003,37.96118945524506
3.547,38.24101764527724
3.548,38.5222996188819
3.549,38.80502356549327
3.5500000000000003,39.0891795335203
3.551,39.37476108741333
3.552,39.66176498269606
3.553,39.95019074221176
3.5540000000000003,40.240041866228026
3.555,40.53132785007282
3.556,40.82406361768277
3.557,41.11826488852495
3.5580000000000003,41.41394272229415
3.559,41.71110103782367
3.56,42.00973773389254
3.561,42.30984756739389
3.5620000000000003,42.6114244857151
3.563,42.9144621286119
3.564,43.21895218632832
3.565,43.524881572048535
3.5660000000000003,43.83223142366481
3.567,44.14097966182595
3.568,44.45110368170089
3.569,44.76258035450645
3.5700000000000003,45.07538622201335
3.571,45.3894992533797
3.572,45.70489937768516
3.573,46.02156741981496
3.5740000000000003,46.33948522203569
3.575,46.65863701090381
3.576,46.979008477606904
3.577,47.30058309259093
3.5780000000000003,47.623339384587574
3.579,47.94725171849514
3.58,48.27229362493062
3.581,48.59844057387937
3.5820000000000003,48.925670520228394
3.583,49.25396340002072
3.584,49.58330048058234
3.585,49.91366388240028
3.586,50.24503654945337
3.587,50.57740216276797
3.588,50.910744807748
3.589,51.24504854956877
3.59,51.58029756402634
3.591,51.91647574775939
3.592,52.25356437877305
3.593,52.59154091779496
3.594,52.93038101425725
3.595,53.27006128690283
3.596,53.61056064042315
3.597,53.9518601342182
3.598,54.2939418606929
3.599,54.63678709354212
3.6,54.98037636184468
3.601,55.3246919706787
3.602,55.66971849930164
3.603,56.01544051995536
3.604,56.36184129098581
3.605,56.708903817950954
3.606,57.05661244545807
3.607,57.40495213329453
3.608,57.75390492302084
3.609,58.10344699527681
3.61,58.45354993297573
3.611,58.80418474151419
3.612,59.155322649399665
3.613,59.50693177997463
3.614,59.85897544582484
3.615,60.211413433478846
3.616,60.564203049625135
3.617,60.91729915145824
3.618,61.27065363999191
3.619,61.62421447233267
3.62,61.97792547193619
3.621,62.33172858663005
3.622,62.68556761082434
3.623,63.03939096695365
3.624,63.39315269439668
3.625,63.74681179647942
3.626,64.10033056785393
3.6270000000000002,64.45367380245857
3.628,64.80680962302293
3.629,65.15970935067628
3.63,65.51234545330446
3.6310000000000002,65.86468969739175
3.632,66.21671235484386
3.633,66.56838216681334
3.634,66.91966578445839
3.6350000000000002,67.27052639174093
3.636,67.62092393196646
3.637,67.97081565494415
3.638,68.32015488035816
3.6390000000000002,68.66889128933812
3.64,69.01697301352758
3.641,69.36434756849192
3.642,69.7109620426161
3.6430000000000002,70.05676211399127
3.644,70.40169026017281
3.645,70.74568635765141
3.646,71.08868947662813
3.6470000000000002,71.43063833046656
3.648,71.77147137258746
3.649,72.1111268160389
3.65,72.44954354029831
3.6510000000000002,72.78666427685712
3.652,73.12243784130234
3.653,73.45681722652549
3.654,73.78975647869525
3.6550000000000002,74.12121078581492
3.656,74.45113896548492
3.657,74.77950458587874
3.658,75.10627482403751
3.6590000000000003,75.43141908835373
3.66,75.75490900553804
3.661,76.07671910142244
3.662,76.39682697755721
3.6630000000000003,76.71521306621138
3.664,77.03186073607225
3.665,77.34675646739504
3.666,77.65988811866819
3.6670000000000003,77.97124194335552
3.668,78.28080151172814
3.669,78.58854815304382
3.67,78.89446064651924
3.6710000000000003,79.19851464757753
3.672,79.50068414084805
3.673,79.8009444848536
3.674,80.09927394596538
3.6750000000000003,80.39565321111354
3.676,80.69006402607744
3.677,80.98248765194326
3.678,81.27290434156288
3.6790000000000003,81.56129336057802
3.68,81.84763283541541
3.681,82.13190074245422
3.682,82.41407649902601
3.6830000000000003,82.69414075402777
3.684,82.9720734942446
3.685,83.24785347007324
3.686,83.52146036645001
3.6870000000000003,83.79287615381683
3.688,84.06208326207312
3.689,84.32906321583133
3.69,84.59379726362161
3.6910000000000003,84.85626602038073
3.692,85.11644803087637
3.693,85.37431918761823
3.694,85.62985364825961
3.6950000000000003,85.88302587636346
3.696,86.1338107480895
3.697,86.38218103753132
3.698,86.6281068056596
3.6990000000000003,86.87155711631613
3.7,87.11250087499025
3.701,87.35090704944423
3.702,87.58674514036139
3.7030000000000003,87.81998620779095
3.704,88.05060466820868
3.705,88.27857914865407
3.706,88.50389199358995
3.7070000000000003,88.72652853319858
3.708,88.94647573155558
3.709,89.16372106386086
3.71,89.37825226888445
3.7110000000000003,89.59005607515104
3.712,89.79911733574022
3.713,90.00542157606348
3.714,90.20895872293706
3.715,90.40972506412143
3.716,90.60772294863665
3.717,90.80295779109284
3.718,90.99543448093166
3.719,91.18515535166716
3.72,91.37211826923664
3.721,91.55631482817674
3.722,91.73772988061981
3.723,91.91634248667421
3.724,92.09212904688988
3.725,92.2650666800244
3.726,92.43513307736549
3.727,92.60230489287726
3.728,92.76655850966401
3.729,92.92787192221007
3.73,93.08622536073014
3.731,93.24160073790817
3.732,93.39398113297091
3.733,93.5433501067018
3.734,93.68969107962536
3.735,93.83298901702055
3.736,93.97323329253675
3.737,94.11041841662686
3.738,94.24454333896006
3.739,94.37561182777654
3.74,94.50363296424663
3.741,94.62861900869653
3.742,94.75058129492383
3.743,94.86952760757944
3.744,94.98546317341297
3.745,95.09839384981363
3.746,95.20832845795829
3.747,95.31527967404577
3.748,95.41926428227355
3.749,95.52030218618918
3.75,95.6184144887352
3.751,95.71362207511935
3.7520000000000002,95.80594407694471
3.753,95.8953965518107
3.754,95.98199345834868
3.755,96.0657478740996
3.7560000000000002,96.14667065551839
3.757,96.22476869899626
3.758,96.30004499446508
3.759,96.37249962792863
3.7600000000000002,96.44213017915123
3.761,96.50893097708696
3.762,96.57289290447561
3.763,96.63400501186496
3.7640000000000002,96.69225616969068
3.765,96.7476352526185
3.766,96.80013032564186
3.767,96.84972709249317
3.7680000000000002,96.89640759218321
3.769,96.94015060803738
3.77,96.9809320707808
3.771,97.0187243419807
3.7720000000000002,97.05349785124326
3.773,97.08522569335244
3.774,97.1138870224077
3.775,97.13946785062805
3.7760000000000002,97.16196099717821
3.777,97.18136580917799
3.778,97.19768642764646
3.779,97.21092893567692
3.7800000000000002,97.22109992168757
3.781,97.22820602214989
3.782,97.23225294633079
3.783,97.2332452766594
3.7840000000000003,97.23118658695792
3.785,97.22607841417641
3.786,97.21791958058182
3.787,97.20670698858291
3.7880000000000003,97.19243624622348
3.789,97.17510087504934
3.79,97.15469141118693
3.791,97.1311956135377
3.7920000000000003,97.10459871814544
3.793,97.07488248544502
3.794,97.04202424446827
3.795,97.00599757146652
3.7960000000000003,96.96677357602968
3.797,96.9243208813655
3.798,96.87860413041989
3.799,96.82958270951377
3.8000000000000003,96.77721129379123
3.801,96.72144215781651
3.802,96.6622278044718
3.803,96.59952199922854
3.8040000000000003,96.53328008332211
3.805,96.46346058425888
3.806,96.3900254673508
3.807,96.31293778395488
3.8080000000000003,96.23216101115491
3.809,96.14766036050747
3.81,96.05940286796948
3.811,95.96735783514077
3.8120000000000003,95.87149914865996
3.813,95.77180627592139
3.814,95.66826284561748
3.815,95.56085628827236
3.8160000000000003,95.44957947534223
3.817,95.3344309475282
3.818,95.2154131662079
3.819,95.09253223243127
3.8200000000000003,94.96579936185995
3.821,94.83523067866608
3.822,94.70084484638477
3.823,94.56266218397421
3.8240000000000003,94.42070621566782
3.825,94.27500462946568
3.826,94.12558924607387
3.827,93.97249668523003
3.8280000000000003,93.81576948530693
3.829,93.6554568473077
3.83,93.49161494021408
3.831,93.32430629860194
3.8320000000000003,93.15359676542406
3.833,92.97955134053268
3.834,92.802232732197
3.835,92.62170172977008
3.8360000000000003,92.43801672034132
3.837,92.25123299064944
3.838,92.0614026910051
3.839,91.8685753538945
3.84,91.67279852319884
3.841,91.47411784951184
3.842,91.27257701561743
3.843,91.06821884597628
3.844,90.86108712849004
3.845,90.6512260563554
3.846,90.43867766414371
3.847,90.2234821843146
3.848,90.00568102069244
3.849,89.78531660696476
3.85,89.5624297130114
3.851,89.33705917467937
3.852,89.1092427743572
3.853,88.87901654612227
3.854,88.64641412203213
3.855,88.41146704442114
3.856,88.17420583407008
3.857,87.93466082986711
3.858,87.6928616448051
3.859,87.44883683095128
3.86,87.20261375534605
3.861,86.95421736173901
3.862,86.70366969381595
3.863,86.45099089728168
3.864,86.1962000003872
3.865,85.93931560651626
3.866,85.68035737005879
3.867,85.41934681866715
3.868,85.1563062586037
3.869,84.89125761137903
3.87,84.62422215184331
3.871,84.35522022533118
3.872,84.08427172929015
3.873,83.81139720879662
3.874,83.5366181293588
3.875,83.25995685599297
3.876,82.981436320927
3.8770000000000002,82.70107860081487
3.878,82.418904027157
3.879,82.13493256263217
3.88,81.84918547057836
3.8810000000000002,81.56168497812475
3.882,81.27245408712484
3.883,80.98151866515514
3.884,80.6889086236307
3.8850000000000002,80.39465516157725
3.886,80.0987874007817
3.887,79.80133216081944
3.888,79.50231497325322
3.8890000000000002,79.2017599251327
3.89,78.89968933653456
3.891,78.59612439143316
3.892,78.29108516186668
3.8930000000000002,77.98458887748598
3.894,77.67664904967396
3.895,77.3672766404786
3.896,77.05648173930675
3.8970000000000002,76.74427568093864
3.898,76.43067242544137
3.899,76.1156887048422
3.9,75.7993447084492
3.9010000000000002,75.48166398663898
3.902,75.1626723977555
3.903,74.84239813359466
3.904,74.5208710771609
3.9050000000000002,74.19812193530618
3.906,73.87418405830539
3.907,73.5490948676083
3.908,73.22289326105826
3.9090000000000003,72.89561589862656
3.91,72.56729642681555
3.911,72.23796698730983
3.912,71.90765962364668
3.9130000000000003,71.57640764324414
3.914,71.24424677975134
3.915,70.9112145555805
3.916,70.57734832159184
3.9170000000000003,70.24268358559688
3.918,69.9072527659882
3.919,69.57108446405215
3.92,69.23420385529084
3.9210000000000003,68.89663473240293
3.922,68.55840252651527
3.923,68.21953664699427
3.924,67.88007147103392
3.9250000000000003,67.54004561462119
3.926,67.19950049039011
3.927,66.85848027169651
3.928,66.51703304426405
3.9290000000000003,66.17521098441571
3.93,65.83306837912271
3.931,65.4906592631597
3.932,65.14803665922298
3.9330000000000003,64.80525300720393
3.934,64.46236034229403
3.935,64.11940960580483
3.936,63.77645065652703
3.9370000000000003,63.43353321849422
3.938,63.090706864399664
3.939,62.748021167966826
3.94,62.405527090092164
3.9410000000000003,62.06327644266161
3.942,61.72131851443021
3.943,61.37969783043782
3.944,61.03845477866459
3.9450000000000003,60.697626977390996
3.946,60.35725094053028
3.947,60.017363857895454
3.948,59.678002655397265
3.9490000000000003,59.339201399925244
3.95,59.00099161165173
3.951,58.66340432831733
3.952,58.32647003396477
3.9530000000000003,57.99021670698531
3.954,57.65466852157802
3.955,57.31984689811925
3.956,56.985772078086725
3.9570000000000003,56.6524630863065
3.958,56.31993884509123
3.959,55.98822069500699
3.96,55.65733167896279
3.9610000000000003,55.327293443615844
3.962,54.9981253515322
3.963,54.66984645928575
3.964,54.34247860652693
3.9650000000000003,54.01604878781206
3.966,53.69058960645213
3.967,53.366136945185225
3.968,53.04272557836622
3.969,52.72038581026664
3.97,52.39914225308011
3.971,52.07901440207628
3.972,51.76001926221968
3.973,51.442173833885036
3.974,51.125495381952895
3.975,50.810000175828634
3.976,50.49570204786697
3.977,50.18261208466947
3.978,49.87073858049635
3.979,49.56008618104273
3.98,49.25065599505007
3.981,48.942447506210115
3.982,48.63546123261164
3.983,48.32970050061336
3.984,48.02517005641721
3.985,47.72187201452257
3.986,47.41980260701202
3.987,47.118951648572555
3.988,46.81930508339026
3.989,46.520849616412846
3.99,46.22357581063521
3.991,45.92747782878151
3.992,45.632552705737126
3.993,45.33880096682975
3.994,45.046226613368574
3.995,44.754835697106714
3.996,44.4646347279852
3.997,44.175628936491314
3.998,43.887820327256804
3.999,43.60120782262345
4.0,43.3157906589571
4.001,43.031571615221246
4.002,42.74855645180779
4.003,42.46675099675939
4.0040000000000004,42.18616095103439
4.005,41.906795151193386
4.006,41.62866712093124
4.007,41.35179365984881
4.008,41.076193930615034
4.009,40.80188926486174
4.01,40.52890138737157
4.011,40.25724944742791
4.0120000000000005,39.986949137687624
4.013,39.71801502968399
4.014,39.45046364961716
4.015,39.18431506560637
4.016,38.919591898842874
4.017,38.656316832659144
4.018,38.394511497831644
4.019,38.134196596797565
4.0200000000000005,37.87539217392956
4.021,37.618119066919775
4.022,37.36239999797739
4.023,37.108258265214886
4.024,36.85571677563222
4.025,36.60479939713455
4.026,36.3555327250478
4.027,36.10794676151606
4.0280000000000005,35.862074526532766
4.029,35.617951668890825
4.03,35.375616686023555
4.031,35.13510996777305
4.032,34.89647102927434
4.033,34.65973751725666
4.034,34.42494752256155
4.035,34.192140925269555
4.0360000000000005,33.9613569086483
4.037,33.73263009121312
4.038,33.50598919631447
4.039,33.2814597359519
4.04,33.05906825347465
4.041,32.838843923980434
4.042,32.62081620478885
4.043,32.40501159545996
4.0440000000000005,32.191452335909176
4.045,31.980156524166272
4.046,31.77113932234864
4.047,31.56441587483878
4.048,31.360004319108686
4.049,31.157926603922977
4.05,30.958206319122226
4.051,30.760865066863463
4.0520000000000005,30.565921277779218
4.053,30.373391442587916
4.054,30.18329011137084
4.055,29.99562966739945
4.056,29.810421991953845
4.057,29.62768017644871
4.058,29.4474179880423
4.059,29.269647010248487
4.0600000000000005,29.09437463059089
4.061,28.92160573004547
4.062,28.75134655165554
4.063,28.58360798287852
4.064,28.41840624281782
4.065,28.255759934373117
4.066,28.09568629256163
4.067,27.938200079097157
4.0680000000000005,27.78331481912926
4.069,27.631045248507533
4.07,27.48140935629104
4.071,27.33442790544627
4.072,27.19012192243465
4.073,27.048510971720326
4.074,26.909613280966227
4.075,26.773445031576536
4.0760000000000005,26.64001795448511
4.077,26.50933850565682
4.078,26.381409827181933
4.079,26.25623378838163
4.08,26.133810989588774
4.081,26.014139672505117
4.082,25.897215985528632
4.083,25.7830359628665
4.0840000000000005,25.6715965372573
4.085,25.562894763982825
4.086,25.456927295241606
4.087,25.353691234526316
4.088,25.25318551534525
4.089,25.155409998506656
4.09,25.060361522256343
4.091,24.96803093912471
4.0920000000000005,24.878404593992038
4.093,24.791468185401868
4.094,24.707208468097427
4.095,24.625613325731003
4.096,24.546673294753283
4.097,24.470382730547115
4.098,24.39673890290365
4.099,24.32574100196254
4.1,24.257390197634706
4.101,24.19169090103199
4.102,24.128652798080765
4.103,24.06829195944595
4.104,24.010629572485847
4.105,23.955687884290903
4.106,23.903485010571274
4.107,23.854032139883245
4.108,23.80733482520001
4.109,23.763395719226153
4.11,23.722215169446265
4.111,23.68379031025639
4.112,23.64811615616521
4.113,23.615188918653367
4.114,23.585007763427456
4.115,23.55757383825417
4.116,23.53288931298684
4.117,23.51095706932005
4.118,23.491780605563832
4.119,23.475365739706376
4.12,23.461722767610958
4.121,23.45086562016253
4.122,23.44280966856047
4.123,23.43757143595647
4.124,23.435168956606752
4.125,23.435621130769796
4.126,23.43894701031639
4.127,23.445164904840524
4.128,23.454290268313436
4.1290000000000004,23.46633410179215
4.13,23.481304040994402
4.131,23.499206985951894
4.132,23.520051759065588
4.133,23.54385160432394
4.134,23.570626036066336
4.135,23.60040168431182
4.136,23.633211749690332
4.1370000000000005,23.66909411277784
4.138,23.70808977372546
4.139,23.750242336118795
4.14,23.795596689793975
4.141,23.844195954236056
4.142,23.896078373080833
4.143,23.951275496162147
4.144,24.009811206253268
4.1450000000000005,24.07170150970625
4.146,24.136955946244917
4.147,24.205579986720466
4.148,24.277576338151448
4.149,24.352944598025317
4.15,24.431681128017196
4.151,24.513780110915995
4.152,24.59923390879012
4.1530000000000005,24.688032285225027
4.154,24.78016207015051
4.155,24.875607659833662
4.156,24.974352140125895
4.157,25.07637834049617
4.158,25.181669869030536
4.159,25.29021237690499
4.16,25.401992923697037
4.1610000000000005,25.516997050410247
4.162,25.635207081480914
4.163,25.756603643261272
4.164,25.881168211871568
4.165,26.008884964362544
4.166,26.139742611709785
4.167,26.27373517329955
4.168,26.41085973044295
4.1690000000000005,26.551112953692595
4.17,26.694490875472603
4.171,26.840992019507674
4.172,26.990618583692555
4.173,27.14337390569504
4.174,27.299260011721465
4.175,27.458277470048454
4.176,27.620426682374053
4.1770000000000005,27.78570927397543
4.178,27.954127937160667
4.179,28.125684093749516
4.18,28.30037529460059
4.181,28.478195116366557
4.182,28.659135897404063
4.183,28.843190968165477
4.184,29.030354272449877
4.1850000000000005,29.22061931002827
4.186,29.413978123153075
4.187,29.61041984849174
4.188,29.80993094715428
4.189,30.012497860818687
4.19,30.21810889467085
4.191,30.426753109803432
4.192,30.638417774081276
4.1930000000000005,30.853087209728294
4.194,31.07074322323312
4.195,31.291364802917734
4.196,31.514927289820996
4.197,31.741403914464467
4.198,31.97076901026459
4.199,32.20299841237334
4.2,32.43806747721855
4.2010000000000005,32.67595162259789
4.202,32.91662923116628
4.203,33.160083693406165
4.204,33.40630345479814
4.205,33.65527990479195
4.206,33.90700476122711
4.207,34.16146826051366
4.208,34.41865808863753
4.2090000000000005,34.67856043609572
4.21,34.941161215171654
4.211,35.20644356655407
4.212,35.47438421921035
4.213,35.7449531206409
4.214,36.018116444179746
4.215,36.293840042968306
4.216,36.572089923221455
4.2170000000000005,36.85283040654845
4.218,37.13602452207877
4.219,37.4216365806435
4.22,37.70963236125862
4.221,37.99997720772262
4.222,38.292635430559336
4.223,38.58757040212444
4.224,38.88474391494178
4.225,39.18411605362506
4.226,39.48564555226635
4.227,39.78929007585249
4.228,40.095007813820935
4.229,40.40275828552788
4.23,40.71249979250746
4.231,41.024187621640735
4.232,41.337775570198424
4.233,41.6532168729596
4.234,41.97046299524985
4.235,42.28946307380077
4.236,42.610165213660366
4.237,42.93251794500116
4.238,43.256470498064076
4.239,43.58197333675503
4.24,43.90897865564152
4.241,44.23743885758055
4.242,44.567305015562575
4.243,44.898526180557965
4.244,45.23104839444548
4.245,45.564815566751186
4.246,45.89977212459171
4.247,46.23586505629774
4.248,46.57304598348383
4.249,46.91127302676579
4.25,47.250510857482986
4.251,47.59072887635012
4.252,47.93189758940292
4.253,48.27398402080784
4.2540000000000004,48.61694858701968
4.255,48.960745479687105
4.256,49.305326763558284
4.257,49.65064683960884
4.258,49.99666298881748
4.259,50.34333332146903
4.26,50.69061597853415
4.261,51.038468910611414
4.2620000000000005,51.38684884813421
4.263,51.73571105914782
4.264,52.085010436344035
4.265,52.434702179216984
4.266,52.78474139096117
4.267,53.13508346422312
4.268,53.48568601477126
4.269,53.83651036028429
4.2700000000000005,54.1875210945507
4.271,54.53868341224107
4.272,54.88995924719428
4.273,55.241304972722475
4.274,55.59267178729828
4.275,55.94400771043068
4.276,56.29525983583916
4.277,56.6463745069545
4.2780000000000005,56.99729515367463
4.279,57.34796222546629
4.28,57.6983157135396
4.281,58.04829575388991
4.282,58.39784227055111
4.283,58.74689692082217
4.284,59.09540527371255
4.285,59.44331645882835
4.2860000000000005,59.79058121290504
4.287,60.13715068571713
4.288,60.4829765726719
4.289,60.82801141803638
4.29,61.17220857392889
4.291,61.51552259043133
4.292,61.857909668011665
4.293,62.19932668973298
4.2940000000000005,62.53973097062466
4.295,62.87908284440461
4.296,63.21734854498942
4.297,63.55450153911372
4.298,63.89052181145688
4.299,64.22539300448747
4.3,64.5590996743092
4.301,64.8916254389388
4.3020000000000005,65.22295165003844
4.303,65.55305826857534
4.304,65.88192542554832
4.305,66.20953311644611
4.306,66.5358620746314
4.307,66.86089699953055
4.308,67.18462802397502
4.309,67.50704951188123
4.3100000000000005,67.82815932451189
4.311,68.14795917917412
4.312,68.46645446748246
4.313,68.78365402135663
4.314,69.0995697984211
4.315,69.41421445036438
4.316,69.72759739958073
4.317,70.0397228500945
4.3180000000000005,70.35059213705823
4.319,70.66020857135936
4.32,70.96858007009138
4.321,71.27571752870486
4.322,71.58163113876931
4.323,71.8863291233263
4.324,72.18982002007151
4.325,72.49211412261043
4.3260000000000005,72.79322243251525
4.327,73.09315567319724
4.328,73.39192448369144
4.329,73.68954007063269
4.33,73.98601352736446
4.331,74.28135349899148
4.332,74.57556417348042
4.333,74.86864476734112
4.3340000000000005,75.16058969229482
4.335,75.45138822689482
4.336,75.74102454340188
4.337,76.02947930077639
4.338,76.31673223791111
4.339,76.60276413187744
4.34,76.88755693905503
4.341,77.17109422875504
4.3420000000000005,77.45336348784846
4.343,77.73435670562452
4.344,78.01406731932747
4.345,78.29248695515483
4.346,78.5696038757504
4.347,78.84540145440072
4.348,79.11985715092949
4.349,79.39294457152879
4.3500000000000005,79.66463702911457
4.351,79.93490842895238
4.352,80.20373200537713
4.353,80.4710805428447
4.354,80.73692776035833
4.355,81.001247891686
4.356,81.26401377390329
4.357,81.52519585989972
4.358,81.78476248027222
4.359,82.04268069886794
4.36,82.29891799978509
4.361,82.55344408622213
4.362,82.80623063737991
4.363,83.05724875390922
4.364,83.30646632395334
4.365,83.55384663689912
4.366,83.7993489632947
4.367,84.04293122736942
4.368,84.28455183121247
4.369,84.5241697296147
4.37,84.76174507765805
4.371,84.99723914307675
4.372,85.23061228794845
4.373,85.46182275676196
4.374,85.69082749895136
4.375,85.91758380607868
4.376,86.1420501288727
4.377,86.3641859843211
4.378,86.58395277064676
4.3790000000000004,86.8013156807168
4.38,87.01624465549953
4.381,87.22871290883101
4.382,87.43869494280455
4.383,87.64616615424194
4.384,87.8511031884875
4.385,88.05348519462578
4.386,88.25329502933856
4.3870000000000005,88.45051717453191
4.388,88.64513365665411
4.389,88.83712196962581
4.39,89.02645606411677
4.391,89.21310962840309
4.392,89.39705924590461
4.393,89.57828396478254
4.394,89.75676177700441
4.3950000000000005,89.93246777994688
4.396,90.10537588625525
4.397,90.27546042465804
4.398,90.44269499735475
4.399,90.60705102806301
4.4,90.7684990442234
4.401,90.92701179805078
4.402,91.08256670853669
4.4030000000000005,91.23514665302949
4.404,91.3847388205994
4.405,91.53133206851307
4.406,91.67491467583369
4.407,91.81547426607949
4.408,91.95299966975242
4.409,92.08748250877395
4.41,92.21891742432763
4.4110000000000005,92.34730158166332
4.412,92.4726328232343
4.413,92.59490700185539
4.414,92.71411728143137
4.415,92.8302559812667
4.416,92.94331684788284
4.417,93.05329505429717
4.418,93.16018461658646
4.4190000000000005,93.26397677435074
4.42,93.36466182903409
4.421,93.46223225191025
4.422,93.55668454409172
4.423,93.64802011140203
4.424,93.73624506613439
4.425,93.8213686203402
4.426,93.90340142676155
4.4270000000000005,93.98235541465158
4.428,94.05824462643695
4.429,94.13108577245734
4.43,94.20089953955652
4.431,94.26771255253595
4.432,94.33155669908352
4.433,94.39246525133706
4.434,94.45046976728432
4.4350000000000005,94.5056002923435
4.436,94.55788683456063
4.437,94.60735946807208
4.438,94.65404660407322
4.439,94.69797293029805
4.44,94.73915872121549
4.441,94.77762032777781
4.442,94.81337087795455
4.4430000000000005,94.84642056468996
4.444,94.87677735406493
4.445,94.9044498288124
4.446,94.92944973591904
4.447,94.95179088198904
4.448,94.97148669381477
4.449,94.98854948399747
4.45,95.00299105227384
4.4510000000000005,95.01482376727355
4.452,95.0240614157704
4.453,95.03071940936634
4.454,95.03481503270413
4.455,95.03636737592801
4.456,95.03539544994538
4.457,95.03191500412785
4.458,95.02593629495743
4.4590000000000005,95.01746446744389
4.46,95.00650273342272
4.461,94.99305501497494
4.462,94.97712425805071
4.463,94.95870888076296
4.464,94.93780161226789
4.465,94.91438972844384
4.466,94.88845498040017
4.4670000000000005,94.85997466133259
4.468,94.8289237712295
4.469,94.79527625111214
4.47,94.75900595302788
4.471,94.72008868159217
4.472,94.67850372231551
4.473,94.63423419530093
4.474,94.58726766342903
4.4750000000000005,94.53759660908833
4.476,94.48521761066752
4.477,94.43012951719932
4.478,94.37233151176642
4.479,94.31182161157167
4.48,94.24859504842514
4.481,94.1826421517396
4.482,94.11394722146348
4.483,94.04248898831167
4.484,93.9682407494503
4.485,93.89116978964306
4.486,93.8112389219973
4.487,93.72841110995928
4.488,93.64265296100753
4.489,93.55393334328173
4.49,93.46221963882527
4.491,93.36747613828635
4.492,93.26966527847546
4.493,93.168750217741
4.494,93.06469753227614
4.495,92.95747910748722
4.496,92.84707234353722
4.497,92.73345905266243
4.498,92.61662536574859
4.499,92.49656335350454
4.5,92.37327173136248
4.501,92.24675343531267
4.502,92.11701231853088
4.503,91.98405307825368
4.5040000000000004,91.84788376887805
4.505,91.70851747054056
4.506,91.56597167128452
4.507,91.4202654473094
4.508,91.2714167092052
4.509,91.11944281583797
4.51,90.9643640176291
4.511,90.80620505617964
4.5120000000000005,90.64499262865183
4.513,90.48075215613927
4.514,90.3135075271025
4.515,90.14328299315903
4.516,89.97010359515339
4.517,89.79399331702696
4.518,89.61497427104055
4.519,89.43306696016124
4.5200000000000005,89.24828856036245
4.521,89.06065049281489
4.522,88.87015789740107
4.523,88.67681007024336
4.524,88.48060129830078
4.525,88.28152377879633
4.526,88.0795718936007
4.527,87.87474465978676
4.5280000000000005,87.66704595608655
4.529,87.45648374329014
4.53,87.24306811530843
4.531,87.02681012345056
4.532,86.80772283717255
4.533,86.58582055417898
4.534,86.36111555095682
4.535,86.1336175878019
4.5360000000000005,85.90333579520521
4.537,85.67027923639469
4.538,85.43445697773278
4.539,85.19587941548502
4.54,84.95456038505502
4.541,84.71051908049512
4.542,84.4637804757636
4.543,84.21437294825331
4.5440000000000005,83.96232552560184
4.545,83.70766836728566
4.546,83.4504346512571
4.547,83.19066109189973
4.548,82.92838704145177
4.549,82.66365175961747
4.55,82.39649129092939
4.551,82.12693852851862
4.5520000000000005,81.85502668507576
4.553,81.58079192376852
4.554,81.30427288293541
4.555,81.0255098738679
4.556,80.74454459453074
4.557,80.46141838728298
4.558,80.1761709383429
4.559,79.8888416862207
4.5600000000000005,79.59947168033239
4.561,79.3081041424758
4.562,79.01478404194069
4.563,78.71955641027014
4.564,78.42246403686885
4.565,78.12354590978782
4.566,77.82283684349474
4.567,77.52036855738928
4.5680000000000005,77.21617283115044
4.569,76.91028567363199
4.57,76.60274958230964
4.571,76.29361318657423
4.572,75.98292881641382
4.573,75.6707484482194
4.574,75.35712114658918
4.575,75.04209346094089
4.5760000000000005,74.72571047355049
4.577,74.40801699132436
4.578,74.08905839302402
4.579,73.76887907704327
4.58,73.44751985019113
4.581,73.125017723908
4.582,72.80140826918367
4.583,72.47672728058232
4.5840000000000005,72.15101053787856
4.585,71.8242941301471
4.586,71.49661560983286
4.587,71.16801345088852
4.588,70.83852517535493
4.589,70.50818627141278
4.59,70.17703091534818
4.591,69.84509482727877
4.5920000000000005,69.51241828269636
4.593,69.17904675097014
4.594,68.84502864785244
4.595,68.5104110992462
4.596,68.17523663244015
4.597,67.8395434940102
4.598,67.50336824018841
4.599,67.16674684370133
4.6000000000000005,66.82971431422939
4.601,66.492306091242
4.602,66.1545602263402
4.603,65.81651724716477
4.604,65.47821867129832
4.605,65.1397062694933
4.606,64.80102250478207
4.607,64.46221216772867
4.6080000000000005,64.12332346962614
4.609,63.784406391756946
4.61,63.44551054409958
4.611,63.1066849639335
4.612,62.767978729780424
4.613,62.42944159827702
4.614,62.091123158385486
4.615,61.75307066737274
4.616,61.41532951040777
4.617,61.07794518118668
4.618,60.74096262850835
4.619,60.404425298773205
4.62,60.06837602368006
4.621,59.73285696509268
4.622,59.39790791838489
4.623,59.063564621279795
4.624,58.729858113566074
4.625,58.39681543726848
4.626,58.06446105476306
4.627,57.73281779762544
4.628,57.40190640254648
4.6290000000000004,57.07174458900713
4.63,56.74234697237485
4.631,56.41372558276768
4.632,56.085890634189425
4.633,55.75885153570577
4.634,55.43261751584892
4.635,55.107196509381424
4.636,54.78259315842284
4.6370000000000005,54.458808605311816
4.638,54.13584283056832
4.639,53.813697906347656
4.64,53.49237890899681
4.641,53.17189168374952
4.642,52.85224081328012
4.643,52.53342890235459
4.644,52.21545618160265
4.6450000000000005,51.89832156595349
4.646,51.58202475132918
4.647,51.26656700605812
4.648,50.951949908460364
4.649,50.63817296318628
4.65,50.32523266196023
4.651,50.01312412769289
4.652,49.701842675624825
4.6530000000000005,49.39138428347999
4.654,49.08174747296902
4.655,48.77293568540878
4.656,48.464956976183764
4.657,48.15782217300121
4.658,47.85154326975432
4.659,47.54613146280463
4.66,47.24159566615219
4.6610000000000005,46.93794258629379
4.662,46.63517730603432
4.663,46.33330430505356
4.664,46.032329168500176
4.665,45.732259256497066
4.666,45.433103247267816
4.667,45.13487087809807
4.668,44.83757304353098
4.6690000000000005,44.54122224351347
4.67,44.2458332366826
4.671,43.95142411483397
4.672,43.65801683618491
4.673,43.36563543094868
4.674,43.0743040944445
4.675,42.78404788703577
4.676,42.494894627596324
4.6770000000000005,42.206875459946176
4.678,41.92002262914558
4.679,41.63436644934465
4.68,41.349935527456964
4.681,41.06675896378586
4.682,40.78486659795542
4.683,40.50428790316579
4.684,40.2250511307454
4.6850000000000005,39.94718273540599
4.686,39.67070758452704
4.687,39.39565063767699
4.688,39.12203980835507
4.689,38.849907626519524
4.69,38.57928985526431
4.691,38.310222512359644
4.692,38.042739732783595
4.6930000000000005,37.77687381290414
4.694,37.512656825948895
4.695,37.25012168470114
4.696,36.98930225279811
4.697,36.730233240788664
4.698,36.472949528501644
4.699,36.21748567303757
4.7,35.9638766677553
4.7010000000000005,35.71215886307883
4.702,35.4623692791149
4.703,35.21454375748929
4.704,34.968716266088414
4.705,34.72491987423335
4.706,34.483188197649326
4.707,34.243555569487654
4.708,34.00605523374065
4.7090000000000005,33.77071877477064
4.71,33.537578925801554
4.711,33.30667206334337
4.712,33.078037314725734
4.713,32.85171347421539
4.714,32.62773600764643
4.715,32.406136687428685
4.716,32.186945840722956
4.7170000000000005,31.970194034811914
4.718,31.75591254392948
4.719,31.54413328583497
4.72,31.33488683719294
4.721,31.12819917031703
4.722,30.924089903921253
4.723,30.722572389560654
4.724,30.5236546952582
4.7250000000000005,30.32734204017553
4.726,30.133640111690536
4.727,29.942556336362372
4.728,29.754098361096606
4.729,29.568271942691826
4.73,29.38508013700422
4.731,29.20452416337199
4.732,29.026604658065157
4.7330000000000005,28.851322977679832
4.734,28.678682385116947
4.735,28.508687183859056
4.736,28.341341017000975
4.737,28.17664616556715
4.738,28.014603169250165
4.739,27.85521176982938
4.74,27.6984723248975
4.741,27.544385929107165
4.742,27.392954993452577
4.743,27.244183563593218
4.744,27.098075692853378
4.745,26.954634495985715
4.746,26.81386273517886
4.747,26.675763471046025
4.748,26.540341060693642
4.749,26.407602374775003
4.75,26.277557861065873
4.751,26.15022207326969
4.752,26.025613132519382
4.753,25.90375220810747
4.7540000000000004,25.784663878134822
4.755,25.668375713321282
4.756,25.55491639725495
4.757,25.444314938252887
4.758,25.336600911968496
4.759,25.231803538114058
4.76,25.1299509856115
4.761,25.03107049530046
4.7620000000000005,24.935187736754166
4.763,24.842326406588406
4.764,24.752508288706473
4.765,24.66575196976347
4.766,24.582071925034697
4.767,24.50148049912604
4.768,24.42399019525238
4.769,24.349613250940017
4.7700000000000005,24.278360669328237
4.771,24.210242474181875
4.772,24.14526714813612
4.773,24.08344003504525
4.774,24.024763083467995
4.775,23.96923737423601
4.776,23.916866529590763
4.777,23.867657518784426
4.7780000000000005,23.821619369780585
4.779,23.778761669307727
4.78,23.7390928042321
4.781,23.702619840408786
4.782,23.66935077700267
4.783,23.639295518861722
4.784,23.612464279319887
4.785,23.588865835915954
4.7860000000000005,23.568507632658076
4.787,23.551397467844836
4.788,23.537543159739712
4.789,23.52694904819638
4.79,23.519613321749645
4.791,23.51552851395963
4.792,23.514684440130644
4.793,23.517071399284646
4.7940000000000005,23.52268092462812
4.795,23.531503766272905
4.796,23.543527113367738
4.797,23.558733427317044
4.798,23.577102200256306
4.799,23.59861314472024
4.8,23.623248602739196
4.801,23.650994655515277
4.8020000000000005,23.68184023260696
4.803,23.715774498035977
4.804,23.75278493028018
4.805,23.792856721120913
4.806,23.835973360082164
4.807,23.88211915816113
4.808,23.93128171040909
4.809,23.983452963875756
4.8100000000000005,24.038630206608204
4.811,24.09681633858964
4.812,24.158019149120385
4.813,24.222250119370692
4.814,24.28952208994651
4.815,24.359847227189064
4.816,24.433236552862887
4.817,24.509699861394623
4.8180000000000005,24.589246052792518
4.819,24.671883968649595
4.82,24.757622680943832
4.821,24.846471130423986
4.822,24.93843765928151
4.823,25.03352957297343
4.824,25.131752507960158
4.825,25.233109920118928
4.8260000000000005,25.337602965886582
4.827,25.445230543443365
4.828,25.555988911886978
4.829,25.669870359294215
4.83,25.78686217634211
4.831,25.906947687605758
4.832,26.030108778352293
4.833,26.156328012453145
4.8340000000000005,26.285589500892428
4.835,26.417877681547196
4.836,26.553173601640033
4.837,26.691452007075085
4.838,26.832682326275773
4.839,26.976830697681727
4.84,27.12385954256135
4.841,27.273727167584667
4.8420000000000005,27.426390468292006
4.843,27.581808689000567
4.844,27.739945840707556
4.845,27.900772055881248
4.846,28.06426339402434
4.847,28.230399117658692
4.848,28.399158149961096
4.849,28.57051719203331
4.8500000000000005,28.744449723646785
4.851,28.92092439245525
4.852,29.099904522903017
4.853,29.281350791333924
4.854,29.465225953647874
4.855,29.65149771186345
4.856,29.840136542815618
4.857,30.031110942832836
4.8580000000000005,30.224385309750428
4.859,30.41992041946999
4.86,30.617673306466617
4.861,30.817597378819393
4.862,31.019644563852808
4.863,31.223766453031963
4.864,31.429912857733203
4.865,31.63803266888989
4.866,31.848078491857002
4.867,32.060010390886426
4.868,32.27379620709058
4.869,32.489408211696954
4.87,32.70681843850771
4.871,32.925998046494044
4.872,33.14692010940523
4.873,33.36955985152342
4.874,33.59389215958248
4.875,33.819889745842445
4.876,34.04752275028777
4.877,34.276760728851706
4.878,34.50757601884096
4.8790000000000004,34.73994409787203
4.88,34.97384069276998
4.881,35.20924022876787
4.882,35.44611697435418
4.883,35.68444606960803
4.884,35.92420307781971
4.885,36.16536320506429
4.886,36.407902133090886
4.8870000000000005,36.65179825609698
4.888,36.89703267323006
4.889,37.143586922623314
4.89,37.39144332982701
4.891,37.64058796534608
4.892,37.89101187317304
4.893,38.14271020731519
4.894,38.39568097380061
4.8950000000000005,38.64992312854232
4.896,38.90543433579286
4.897,39.162209634209205
4.898,39.42024147932091
4.899,39.67952202126007
4.9,39.94004629068169
4.901,40.20181183726152
4.902,40.46481560115315
4.9030000000000005,40.7290532328296
4.904,40.99452045487755
4.905,41.261212375154955
4.906,41.52912162709687
4.907,41.798239866763936
4.908,42.06856155025814
4.909,42.34008362797702
4.91,42.6128005379382
4.9110000000000005,42.886700650815634
4.912,43.161767577210775
4.913,43.43798405820037
4.914,43.7153348395665
4.915,43.99380719783607
4.916,44.27339044235195
4.917,44.554075538580214
4.918,44.835854450749366
4.9190000000000005,45.11871975051085
4.92,45.402664857523476
4.921,45.68768359044977
4.922,45.97376964298943
4.923,46.2609167855937
4.924,46.54911788551924
4.925,46.838362689622926
4.926,47.12863629791258
4.9270000000000005,47.41991952555971
4.928,47.71219185507525
4.929,48.00543453095271
4.93,48.29963076197318
4.931,48.594765069929124
4.932,48.89082416214601
4.933,49.18779718788744
4.934,49.48567343261905
4.9350000000000005,49.78443977768357
4.936,50.084080413540825
4.937,50.38457764187845
4.938,50.68591216239989
4.939,50.988063422973255
4.94,51.29101116535574
4.941,51.59473669683861
4.942,51.89922164510382
4.9430000000000005,52.20444631002042
4.944,52.51039013987932
4.945,52.817033060424606
4.946,53.12435585604052
4.947,53.43234040287968
4.948,53.74097122827325
4.949,54.05023599821804
4.95,54.36012328659813
4.9510000000000005,54.67062025629236
4.952,54.9817118516581
4.953,55.293381455817226
4.954,55.605611306186084
4.955,55.9183813397289
4.956,56.23166916047449
4.957,56.545451663523764
4.958,56.85970548969763
4.9590000000000005,57.1744060058836
4.96,57.48952617634795
4.961,57.8050371897171
4.962,58.12091161606246
4.963,58.437126396962036
4.964,58.75366279841148
4.965,59.07050389956503
4.966,59.38763247904849
4.9670000000000005,59.70503092743899
4.968,60.022682008122395
4.969,60.34056867230135
4.97,60.65867249656442
4.971,60.97697166345648
4.972,61.2954405071693
4.973,61.61405118270385
4.974,61.932775795291676
4.9750000000000005,62.251588424442716
4.976,62.57046680827262
4.977,62.88939185898883
4.978,63.20834531821882
4.979,63.527308486514585
4.98,63.846261515546786
4.981,64.16518103414722
4.982,64.48403778214174
4.9830000000000005,64.80279637603564
4.984,65.12141670165386
4.985,65.4398557799337
4.986,65.75806932943007
4.987,66.0760123030349
4.988,66.3936386389403
4.989,66.71090143717657
4.99,67.0277533699101
4.9910000000000005,67.34414734893181
4.992,67.660038621811
4.993,67.97538667465028
4.994,68.2901545899672
4.995,68.60430829764167
4.996,68.91781869455411
4.997,69.23066392238556
4.998,69.54282845766201
4.999,69.85430012829033
